-5.990566972965582160e+00 1.837875175093880466e-03
-5.043739628008289344e+00 1.262961312359970993e-02
-4.636223108023543205e+00 1.575666966315897506e-04
-4.597998690469792038e+00 1.650248409651857039e-05
-4.176253570326071696e+00 2.768284376230397618e-04
-4.115293155950819681e+00 1.026817668625722922e-04
-4.055384069493383592e+00 3.902569402174447247e-05
-4.024525647152295882e+00 3.402838581838409744e-04
-3.991010468441280157e+00 4.314308616257491640e-04
-3.949362671002286884e+00 9.725967668191793855e-04
-3.932756467887893237e+00 2.888628534413695964e-02
-3.881124089274385014e+00 8.119068407292696216e-03
-3.854905792267735887e+00 1.161078790098955945e-03
-3.834654795140399752e+00 5.315717570901557550e-04
-3.714742043847665265e+00 1.214757750248066049e-04
-3.659055909945385654e+00 6.010689013712177493e-04
-3.643748884340201499e+00 1.004822104572409132e-04
-3.599176615814094760e+00 5.447211944639897968e-04
-3.561308636200628097e+00 3.180319497299059707e-04
-3.535988780778847484e+00 1.340853402891400637e-06
-3.488548203320041008e+00 5.644755115961229332e-04
-3.479699527507189583e+00 2.963220631507896782e-04
-3.448738987962411517e+00 3.627319465093432363e-07
-3.399072598919025356e+00 1.036397189535568329e-04
-3.349316418816079999e+00 1.077234449588015566e-05
-3.324220028552971939e+00 3.039751972771049192e-04
-3.312585194160453828e+00 4.732792761191954400e-05
-3.305976560495034189e+00 1.120024528884087067e-05
-3.205190555862080348e+00 4.479111900252324079e-05
-3.177204557185352662e+00 1.108261264931815695e-04
-3.106047618716028857e+00 1.429879288682504336e-03
-3.094038146281530732e+00 1.817093922190567981e-04
-3.087618471777145324e+00 2.426361194907937372e-04
-3.056468482619714155e+00 2.330288511545446431e-03
-2.992312095224507029e+00 3.381908806687990886e-05
-2.960024619448836436e+00 1.988030798436909042e-04
-2.941806234601179515e+00 3.632387186138535164e-05
-2.894241630875001636e+00 2.059939498219029472e-06
-2.876004275411449651e+00 9.530587074504613123e-05
-2.847916472866431015e+00 4.703970395661163229e-05
-2.811923437821951755e+00 2.975699783930140364e-04
-2.801072048634500433e+00 7.244677479487548121e-04
-2.783201341125185468e+00 3.229423089078538311e-04
-2.748787523597140847e+00 5.333497822446601686e-03
-2.733149919215339896e+00 3.943090737760144432e-03
-2.709286702121020518e+00 5.880569575949057964e-03
-2.693547273320396229e+00 2.737805214734260334e-02
-2.679583494968339252e+00 5.760187435783077322e-04
-2.661904850343328910e+00 2.143522315455310273e-02
-2.636443385816952034e+00 4.437480178961110411e-03
-2.617170603402138696e+00 1.033454655462379525e-03
-2.613855302743312681e+00 6.171647681088058071e-03
-2.596753983621838291e+00 1.332964452661540480e-03
-2.586212408054972212e+00 4.677500777158228630e-03
-2.556363040686322474e+00 2.321227027788582125e-03
-2.544653066799284602e+00 1.996951849389562981e-06
-2.528546575445666189e+00 7.614823036174627260e-04
-2.517380904890922810e+00 4.267430249199099298e-04
-2.513859619780555832e+00 5.434952278289662637e-04
-2.502297815144238768e+00 1.586609421005642350e-03
-2.496247857928343361e+00 4.352176094151239593e-05
-2.481870217126520561e+00 7.087773414399348723e-04
-2.457152664222876481e+00 4.418105511476253140e-04
-2.447131817060259174e+00 1.017026595587555487e-03
-2.430551795648489666e+00 4.270264676930160026e-05
-2.418736729517812822e+00 3.410495631466864625e-04
-2.409318089166839538e+00 3.679205795576670902e-04
-2.398886724409000859e+00 5.436988150690761539e-04
-2.393378493056996792e+00 3.012609683457726254e-04
-2.375175587486676232e+00 2.665605600945414886e-04
-2.364870435099324375e+00 2.557730544855681219e-04
-2.355091160058893074e+00 4.390413739933648145e-05
-2.344032958912734443e+00 3.365963554840868698e-04
-2.335079711376438105e+00 9.412502101353048024e-04
-2.326109784904866196e+00 1.357576919311039064e-03
-2.309820745457912494e+00 9.286252849061511414e-05
-2.305356816962912170e+00 2.102057766706811486e-04
-2.291409072233929312e+00 9.311349481403626287e-05
-2.272859070965873141e+00 5.095817521146452480e-04
-2.265615530467605332e+00 7.723192859169413844e-06
-2.258536745728226602e+00 5.608376401365191069e-04
-2.246324199047991854e+00 4.862638947262647193e-04
-2.235715214827589836e+00 1.896164875339943854e-04
-2.226750552771241676e+00 8.593374037187594074e-05
-2.203124738238253055e+00 1.337856655663552104e-04
-2.193371690584152933e+00 8.391806895076663747e-04
-2.180781018116129122e+00 1.270962131061039550e-05
-2.174889703324956347e+00 1.280102486104702799e-04
-2.151662135631402961e+00 9.787117743278602217e-06
-2.141025680052584423e+00 3.644724219289609346e-06
-2.134406852903759422e+00 9.822161495078828020e-04
-2.115512390027788570e+00 5.528655451690266077e-04
-2.111063560209133438e+00 5.746629449623421752e-05
-2.092459235722005317e+00 4.451615359910778312e-05
-2.082113874992098435e+00 3.186665975440303709e-04
-2.064105218661354879e+00 6.053795414295659952e-05
-2.062435414031040359e+00 1.007179099971258621e-04
-2.051261618941536469e+00 2.106122387715873159e-05
-2.039244632652633449e+00 1.681529864268381329e-04
-2.030661367693182839e+00 2.054204439712656977e-04
-2.026574250962076107e+00 8.149492289846262431e-05
-2.012272957583299160e+00 1.594709374389409700e-04
-2.009035800858516296e+00 2.188937904621682479e-05
-1.998720371758751391e+00 8.657203094674578703e-05
-1.992060009732819825e+00 2.189549148226626826e-04
-1.979647296390414368e+00 8.616034051657201311e-05
-1.970607392008939307e+00 3.655894315176331079e-05
-1.959450898172420352e+00 2.745152972162201717e-05
-1.950549509199769105e+00 4.022055323686768544e-04
-1.941888151578233135e+00 5.885763948065761550e-04
-1.933532352980923186e+00 1.923395714627448036e-04
-1.925785133710019359e+00 3.642601716787928576e-04
-1.917423413242538732e+00 9.413998742097519964e-05
-1.914415882968627969e+00 1.178707609453171553e-04
-1.904129144272998175e+00 1.595458593084964939e-03
-1.897138217363800727e+00 6.865063060649763177e-05
-1.883504420677406976e+00 2.074637751096771826e-05
-1.876540570325021307e+00 4.429511679095376141e-05
-1.867793524675996686e+00 4.425126409590961229e-04
-1.862153666283149711e+00 2.081051759309470166e-04
-1.847012137442381352e+00 1.203115522447257592e-04
-1.832309674778612063e+00 1.029723313574587053e-03
-1.822977713774500685e+00 1.547377803504643742e-04
-1.806139998127568980e+00 2.117348808755875322e-06
-1.794986671657766486e+00 8.943746311032635063e-05
-1.785935616222554145e+00 6.578532287521646627e-05
-1.769235490667683486e+00 2.100628022177134641e-05
-1.763553101788917665e+00 2.364143754657566473e-05
-1.738458097181771578e+00 2.948583551874941507e-05
-1.730219089734966076e+00 2.167518833586784132e-05
-1.723653756190691944e+00 3.169335187842230840e-06
-1.709212596125231798e+00 5.289979271823205619e-05
-1.684917422917331820e+00 7.064387106282771885e-06
-1.679593243095937716e+00 4.987697153365295346e-05
-1.673833008468773365e+00 3.487165955325567809e-05
-1.660999222847148182e+00 2.519220538384742651e-05
-1.654320513044831742e+00 8.764249763945292237e-06
-1.647780239337142127e+00 1.790813650176267764e-05
-1.642464388796987196e+00 3.259613768396929192e-05
-1.638152052237627831e+00 1.312795392038468702e-04
-1.628315050321879731e+00 1.934934225357164432e-04
-1.623791206440620805e+00 3.177699979338533096e-04
-1.613449424813456545e+00 1.864199517961620119e-05
-1.604969621290069703e+00 7.666646167302617124e-05
-1.597628581951033633e+00 2.531040980644374107e-04
-1.593975291273012518e+00 3.312743750443487553e-06
-1.589125913652033262e+00 7.174701205594956075e-06
-1.581380909130187806e+00 2.230027984685388091e-05
-1.579794789220264617e+00 2.137236348064079674e-05
-1.564438675246177413e+00 4.041440566308923026e-05
-1.561351446358736128e+00 2.877597508318831046e-05
-1.559994151926983763e+00 2.694507050869030719e-05
-1.551656014334091394e+00 3.928321739712534280e-05
-1.548639567151278262e+00 2.171675251168447450e-04
-1.545647122115255456e+00 4.113319440427699240e-04
-1.537393553388080036e+00 1.180897755944034671e-04
-1.531113049741093413e+00 2.585514869916728299e-04
-1.526065737483035534e+00 6.125946734886026116e-04
-1.518685437378784364e+00 3.282485086214147934e-04
-1.512408038233629792e+00 4.613299221272300571e-04
-1.510217219813483336e+00 2.668684003939876797e-04
-1.502270855373151193e+00 8.813398025449866021e-04
-1.497112604541434022e+00 5.003816705439479958e-04
-1.492745636314251056e+00 3.067376997420405513e-03
-1.484895050715844711e+00 1.111715469679554679e-03
-1.475835485222290577e+00 3.626885740612550285e-03
-1.472612724218886449e+00 1.545432441994647139e-05
-1.467353414314858107e+00 6.808106868700549829e-04
-1.457728326916818418e+00 1.537496104970788964e-03
-1.446594857494829744e+00 3.073810584218538517e-04
-1.443557005557400963e+00 1.060754353062865092e-03
-1.439209973720779301e+00 7.399476429493785472e-04
-1.437952133656982934e+00 1.123720028326726417e-04
-1.428671009409526738e+00 1.987523092057505328e-04
-1.426389926369052930e+00 1.098456025750723075e-04
-1.420007978775220892e+00 9.702494890059053896e-04
-1.414049868196647797e+00 1.558201521931076210e-03
-1.411847609845159113e+00 6.659057208439680140e-04
-1.407661457162409091e+00 7.081230786581085195e-04
-1.399372593894637085e+00 3.873097334930012802e-03
-1.393893380771970447e+00 5.244279848974294639e-03
-1.390185690503249250e+00 4.587695156152965374e-04
-1.386115828839121988e+00 1.417772261592964824e-03
-1.381427831837162890e+00 4.311260176310486312e-04
-1.378724610951853169e+00 2.907398370683499361e-03
-1.373491745467639635e+00 1.134904784523340553e-03
-1.371070975155622040e+00 1.069113729024735379e-02
-1.366081085201538148e+00 9.496614817000670686e-04
-1.364289998828952077e+00 3.122426295095327275e-03
-1.360336212791172894e+00 2.060658457621679634e-03
-1.357268375843273978e+00 3.749356692530924121e-04
-1.356172815853801339e+00 1.476216543232428255e-03
-1.351824634861661600e+00 3.794735720295413194e-03
-1.347798930052672928e+00 1.048037395606536692e-02
-1.340843434576100002e+00 2.739619061768917450e-04
-1.335054460710686453e+00 1.377629096699846574e-02
-1.332232166637560944e+00 9.199797931285144930e-04
-1.329104890918549442e+00 4.307909062570066706e-03
-1.328074715350440416e+00 1.376579788843360422e-02
-1.323864596272486427e+00 8.829449986615653390e-03
-1.318314556723933384e+00 3.875349621727999534e-03
-1.314054097384460551e+00 6.237195194025862283e-03
-1.311074696649151994e+00 1.987787924139864867e-03
-1.308122727866472434e+00 2.034069940525302066e-03
-1.305767032195720434e+00 3.439322151301808187e-03
-1.299811298397283599e+00 3.267454717979316990e-04
-1.295885834950308402e+00 1.685161846879109715e-03
-1.285442832684999814e+00 1.410832153853396271e-03
-1.280099270017987623e+00 5.495464169444523117e-04
-1.275426928188280407e+00 4.405751582987405056e-04
-1.271369740762239964e+00 1.157933509105598269e-03
-1.267550728350005818e+00 1.451214473838691957e-03
-1.260807784803412268e+00 1.367717750729954178e-03
-1.255233115098195462e+00 1.363688680086305467e-03
-1.249828935981499356e+00 8.063078205228848020e-04
-1.244894732373958313e+00 4.770671609036613984e-04
-1.239588601607451324e+00 9.440827588231195250e-04
-1.233154324485791653e+00 7.791484484178785007e-05
-1.229579130205009641e+00 1.651854412783174738e-04
-1.224790239209133658e+00 7.103560132955763235e-04
-1.220981803570058810e+00 3.488084467003879272e-04
-1.214108845211204102e+00 1.674547790041087426e-03
-1.209805040646509289e+00 4.893267772266501154e-04
-1.206051229217261378e+00 4.294432852255134023e-04
-1.201602182290559151e+00 2.495009090479214688e-03
-1.194798538454739267e+00 1.884574789908707046e-04
-1.191241159458024113e+00 2.675805513333013222e-05
-1.188137452591838006e+00 1.127645428748216003e-04
-1.183958482647318622e+00 7.785273429634855143e-05
-1.181826714939733014e+00 5.276058438172878814e-05
-1.179076002126592027e+00 1.348846641721576113e-04
-1.175130746215010014e+00 4.403286458312374234e-04
-1.170022163612640220e+00 1.068467215573366260e-03
-1.165004048383047719e+00 1.192105517822211839e-04
-1.163573779682556486e+00 1.467130718926184726e-03
-1.159205183218616542e+00 1.584543208952402145e-04
-1.152781000384254462e+00 1.377624364596858600e-03
-1.147081930471412159e+00 2.016529180494192541e-04
-1.143414269656067850e+00 1.126100629804469118e-05
-1.141722526723455422e+00 6.447786558504277746e-06
-1.133906468855120364e+00 5.695496156035506977e-04
-1.129982878324411022e+00 5.456998257690416545e-04
-1.125852307547215991e+00 1.092153507191262436e-04
-1.120610503160583971e+00 1.525950089629512835e-04
-1.117261843405260802e+00 4.902889199567326650e-05
-1.108372731181662907e+00 8.360588757192170687e-04
-1.103190908286682204e+00 2.491961976525643770e-04
-1.099563997435160312e+00 2.273367297560619958e-04
-1.096131306709250630e+00 6.046344326652710982e-06
-1.090199508244685367e+00 4.367025618054970015e-04
-1.086948721156702824e+00 4.878250107547738609e-04
-1.084669243300142805e+00 8.168553863126825113e-05
-1.082291099501903719e+00 2.849381486467084828e-04
-1.076165497049128117e+00 1.828539555784602650e-04
-1.072503986711592416e+00 3.392309942647172188e-05
-1.071346748718455144e+00 9.426863635253273331e-05
-1.067282274524095076e+00 1.572420206478362882e-04
-1.055568090296022277e+00 3.804849317254097680e-04
-1.052714109641971429e+00 1.052713883725793243e-04
-1.048809407478637379e+00 3.039011565271786184e-04
-1.044992516375992331e+00 5.140131274887863190e-05
-1.039565341513683183e+00 1.163744261656632047e-04
-1.035730204738609217e+00 7.541949815580571877e-04
-1.032094764562477174e+00 3.238729287714550405e-04
-1.027166544291024941e+00 9.550565876914257147e-04
-1.024790751301711822e+00 1.585093509138094678e-04
-1.020824316743140114e+00 1.787817987898632016e-04
-1.014690118366417426e+00 4.100221738750684354e-04
-1.011974572169569875e+00 4.177212996029773225e-04
-1.008244080164355738e+00 4.281546648216312664e-04
-1.002441622219938600e+00 1.759774590461217247e-05
-9.985778557645486053e-01 1.394666256738886362e-03
-9.933840348851833424e-01 1.048380758972908137e-04
-9.891799445610157671e-01 2.611794072093842145e-04
-9.779994737665802518e-01 3.749713587994512097e-06
-9.692158434362347919e-01 2.988623760547344976e-04
-9.640751827476948810e-01 1.330536877133018956e-05
-9.615386166874603235e-01 1.644437621940708627e-04
-9.563128475966262698e-01 7.436254745737220454e-05
-9.474632656174712952e-01 4.397051084082475810e-04
-9.436332290196771666e-01 1.320151208978236014e-04
-9.420015312698717391e-01 4.191577640430425096e-04
-9.376737532125005714e-01 3.674532284969880613e-05
-9.337310791834080304e-01 1.458775637208022829e-04
-9.259958994911084984e-01 2.864775113362711648e-04
-9.230143367947177824e-01 1.092964331473906815e-04
-9.150048426294674631e-01 7.460537956855690760e-04
-9.117960636055505441e-01 1.494882576107687709e-03
-9.067666104431161278e-01 6.316759300387902835e-04
-9.015672659438062064e-01 5.509518280984489072e-04
-8.974506933156042310e-01 4.729846493125966337e-05
-8.937036806267475431e-01 9.211295368687367596e-06
-8.886796680696699147e-01 2.958181802108694942e-04
-8.805002969696049675e-01 1.737162174041685626e-04
-8.720336349597097580e-01 2.221129270638970074e-03
-8.698267762922655688e-01 2.663458545710160278e-04
-8.621640607390919087e-01 1.133191776714726444e-04
-8.555197127370175458e-01 3.084634984163444422e-05
-8.524108585179001052e-01 1.520743998373796848e-04
-8.475033238226682419e-01 1.837717125544613439e-04
-8.408473699091623121e-01 3.913988997489046764e-05
-8.392180359255704269e-01 6.787558141300656248e-05
-8.319811789690194637e-01 4.975951410132104964e-06
-8.285086519604258903e-01 4.463044372256496213e-05
-8.253740060990509830e-01 2.608963373845643751e-05
-8.192781472378971586e-01 4.177201675910190436e-05
-8.154107746908306753e-01 5.532921188707424332e-05
-8.113467883131357805e-01 1.442323721084882255e-04
-8.066631643354854608e-01 1.383543002474939989e-05
-8.047343475726945750e-01 7.764943149243415784e-06
-8.022628419978177217e-01 1.267133179665018471e-04
-7.947463087353925371e-01 2.135219847390835068e-04
-7.912579557694841004e-01 1.799281000361855416e-04
-7.886710684301307950e-01 1.674990277754571087e-04
-7.797775274433149661e-01 2.452487909959743617e-05
-7.736217534302427534e-01 2.159373761945939659e-05
-7.688261638810147680e-01 6.815014678136178060e-05
-7.602848857885735612e-01 1.164676402382237055e-04
-7.538253940146234511e-01 3.800632731606702679e-05
-7.502379982353369892e-01 1.535200128553359709e-04
-7.478063228518823102e-01 8.968466214234559588e-05
-7.400599731653793034e-01 5.490797590427815966e-04
-7.356048998396789163e-01 1.306674580800521086e-04
-7.218152077266233313e-01 4.702209075222971732e-05
-7.177729831126057336e-01 8.348581163436155430e-06
-7.107949420855441680e-01 2.391387494329547740e-07
-7.073906098894794381e-01 3.484469450588238996e-05
-7.052730886306676217e-01 1.222736967257216309e-04
-6.989079609624573308e-01 3.513590806088213569e-04
-6.886189343051194456e-01 7.087777524870443081e-05
-6.826787316643491144e-01 1.027578945052234948e-03
-6.815764010340648049e-01 3.259485539304106047e-04
-6.759072461516433261e-01 5.627088564557911955e-05
-6.723201316808261607e-01 1.115010549813702750e-04
-6.647316634324621498e-01 7.646897438018576264e-05
-6.602863823960205547e-01 1.126304208386499330e-05
-6.537743604615362525e-01 9.313611100338744164e-05
-6.501405448751655936e-01 4.992218860544377030e-05
-6.472483991616598820e-01 2.627415561623047246e-05
-6.409286662855100403e-01 6.157407934499951429e-05
-6.355313171998089317e-01 4.725210015725126165e-07
-6.266797290833507894e-01 1.131407026186065772e-05
-6.231553545611733247e-01 3.322017844374869312e-06
-6.200501443024283299e-01 7.083524878504118794e-05
-6.184146818045661576e-01 2.138710160729784916e-06
-6.118908856800899798e-01 2.220853348895906193e-05
-6.052868249618351681e-01 7.264291530346253978e-05
-6.021444264955242431e-01 1.189436799587644807e-04
-5.951616161356463319e-01 1.027327496442575903e-04
-5.927670939629983149e-01 8.732499030526925550e-06
-5.880169662069786307e-01 5.419822294611581796e-05
-5.858639089524099175e-01 2.141989701782204397e-05
-5.805360245685941001e-01 2.037196074748872865e-05
-5.765581398908536936e-01 2.521824492261918820e-04
-5.668141170931809691e-01 1.703169547133888105e-05
-5.638622400930752843e-01 2.645842201709354584e-05
-5.609285414863085517e-01 6.124908596610167655e-06
-5.529164196772342610e-01 2.838197952204943745e-05
-5.486152844242928595e-01 1.765291013510659709e-04
-5.460653386215420513e-01 2.584452956944919053e-06
-5.381248112416940899e-01 2.075231298469246808e-05
-5.306357266451735555e-01 1.610496042185628876e-05
-5.232707488912935467e-01 1.450316883453352036e-05
-5.224133729407015592e-01 5.495800554992078938e-06
-5.164309468830339256e-01 6.103728819997780394e-05
-5.133269569791694131e-01 1.103358194400200943e-05
-5.067681914748153327e-01 2.558228381345032453e-05
-5.029593181799905111e-01 1.186153609826304029e-05
-4.953269616797708608e-01 6.792581921252275364e-07
-4.888936443376230567e-01 2.550053416537264304e-05
-4.839419116488034578e-01 3.492579974591506967e-05
-4.789815017543246345e-01 5.180355815069731312e-04
-4.762336171611073476e-01 2.816433092141413662e-04
-4.737972794323082049e-01 6.785050192338952480e-05
-4.694180748347532295e-01 2.693745313914474053e-05
-4.599891535319748925e-01 1.928010570208393842e-06
-4.531259225269508306e-01 1.475741489024634255e-05
-4.472610362260346362e-01 4.499555675430765380e-05
-4.444299894436863907e-01 3.108918368977477428e-06
-4.407126683767471076e-01 6.876438034327217084e-05
-4.314252300987360123e-01 3.800362074643616131e-05
-4.292447916052615775e-01 9.600704895584721995e-06
-4.229741451109471084e-01 2.919859628250671895e-05
-4.214987886013760177e-01 6.182695291323490601e-05
-4.134378102256009435e-01 4.983033889058202838e-05
-4.108882329882767581e-01 1.162772722030266508e-04
-4.064967282746906330e-01 2.156199261612328129e-04
-4.043015889516980987e-01 6.352512963836169017e-05
-3.983175949133894722e-01 5.390080142708628390e-05
-3.952898349390844834e-01 8.559408109763919103e-05
-3.920284176923004016e-01 1.289836313008050700e-05
-3.876028732638965857e-01 5.523366388541903525e-05
-3.854193989319431579e-01 1.359455952118367682e-05
-3.782914425808802106e-01 3.160312953266844233e-04
-3.764959270842507255e-01 2.453456308731567916e-05
-3.724710676669545362e-01 1.688401230544565336e-04
-3.690786996471489001e-01 1.117393443843844845e-06
-3.650019500998439304e-01 6.514475267322932385e-05
-3.587292175289151785e-01 5.768494116624483170e-05
-3.515939092416721090e-01 1.272353879216563154e-04
-3.474247372115481514e-01 6.154907116241244321e-04
-3.458633729867939821e-01 1.878463380370761176e-05
-3.407188491917657602e-01 3.243490899697744226e-05
-3.380167356010614910e-01 8.334514009109117208e-06
-3.360228387876378342e-01 4.714624107759395559e-06
-3.297391151973191326e-01 2.627594271149449095e-05
-3.272879702867859120e-01 2.324329363625205676e-05
-3.206910527560857815e-01 3.389550338987358790e-05
-3.170005941055974441e-01 6.030758603691179181e-05
-3.125510439158754039e-01 1.084493689788537181e-05
-3.079149714857025710e-01 9.785874195439685772e-05
-3.047594458572585596e-01 1.491933095257155166e-04
-2.992446420749372282e-01 1.601982114099742029e-04
-2.941107827694258714e-01 1.199540479871966481e-05
-2.888197379547572941e-01 3.723341292537873910e-05
-2.866155692408804967e-01 1.167267278121917264e-05
-2.797648371879998264e-01 2.064930737296220473e-04
-2.752436864563059804e-01 9.461754982316430491e-06
-2.737827980899929514e-01 1.812669932689684601e-05
-2.704394596162075781e-01 6.504611426147479379e-05
-2.666234727011833616e-01 2.290088464869851820e-05
-2.602496713417936092e-01 7.119776765600843813e-05
-2.569090042519484585e-01 4.082907013812085467e-06
-2.525523124782823037e-01 4.364496111720209869e-05
-2.498475499044177095e-01 2.716406419687644852e-05
-2.466554941183677074e-01 5.151993731817226910e-05
-2.451556810720312007e-01 8.723665575176970771e-06
-2.391313034744272092e-01 1.035172357081289506e-05
-2.373416290048928623e-01 1.673010054916948162e-04
-2.327365637882067850e-01 8.914068439313901400e-06
-2.313384704117047164e-01 1.217790073377606082e-04
-2.266457830378150740e-01 4.331752291595297739e-06
-2.242482406651675753e-01 5.796059390402860456e-05
-2.203520114706646327e-01 7.906487279409447151e-05
-2.170277447495461420e-01 1.714008904746430707e-04
-2.134586820709248045e-01 4.003283069043005096e-04
-2.100757208338345228e-01 5.018764241443174909e-05
-2.073865300808919732e-01 5.182399995375339954e-04
-2.047652622639839770e-01 6.967015685116432892e-05
-1.997416934040502356e-01 2.275807911133608419e-04
-1.978106950119227214e-01 4.595532230058649775e-05
-1.962262399836746662e-01 4.973273243118924358e-05
-1.939217611772324212e-01 2.905963382302530575e-04
-1.879042311899177531e-01 9.569241045688438741e-04
-1.828797483764300069e-01 5.430728529920794429e-04
-1.803107410493419993e-01 8.665987356058012605e-05
-1.792697066626571800e-01 3.641572880417472363e-04
-1.765819380218226486e-01 1.398660142644923571e-04
-1.721691699516819662e-01 5.677545954719033120e-05
-1.716917155676844220e-01 1.385303339725972344e-04
-1.687084391883846290e-01 2.793530710174266739e-04
-1.656000834030338653e-01 2.475626926694699035e-04
-1.592293567412945698e-01 1.092506046907270554e-04
-1.561249454518819080e-01 2.228345774421531904e-04
-1.520561034571756842e-01 1.322762684062385626e-03
-1.500439237195232700e-01 4.141783695801059032e-04
-1.467330884918808531e-01 7.525142073537111856e-05
-1.429117580527245468e-01 9.430496205125778739e-05
-1.411676520558610981e-01 2.940823543927181143e-04
-1.386508879262166039e-01 1.008563295503487456e-04
-1.341995808037687588e-01 4.162200055357763960e-04
-1.327441709775709633e-01 4.635651902388094985e-04
-1.297266705726839442e-01 5.730368646297583546e-05
-1.270920586781684736e-01 1.623353588050528045e-04
-1.251875779781446707e-01 2.390116090131994076e-05
-1.200146588408585596e-01 7.918751713917073214e-05
-1.187068691154088973e-01 5.665782913624213676e-04
-1.146405663823311244e-01 2.484615939567556375e-04
-1.120891267807863911e-01 2.458341095945119643e-04
-1.087958912000739353e-01 1.902842813472441772e-04
-1.071651281540336731e-01 1.313242801976638365e-03
-1.040451886126974035e-01 1.027344643010155180e-04
-1.024331835920876538e-01 2.378269978950334066e-04
-1.006722459373818046e-01 3.138494274716159354e-04
-9.801572216173906615e-02 1.372863597583268410e-05
-9.545588217775513584e-02 1.255088814647010997e-03
-9.265982144113865671e-02 3.146608345571444464e-04
-9.147824582374294855e-02 1.276358482206657206e-03
-8.851605261371819910e-02 6.922947248462777832e-06
-8.566813954558355482e-02 6.160890845731486175e-04
-8.289640990371419105e-02 3.871632856137029828e-04
-8.014419146727319587e-02 1.877019415801874872e-03
-7.737312654963583725e-02 6.676892629527925800e-05
-7.416504220312343520e-02 1.257940422076745226e-03
-7.322921337413502985e-02 2.292119794842696449e-03
-7.057467496903099824e-02 6.083828863879326039e-03
-6.840224891575347188e-02 1.520074301422909367e-03
-6.614496265541766618e-02 1.295443317447063283e-03
-6.238961568431330984e-02 9.894984026207131415e-04
-5.886880408119329888e-02 1.163572776976593611e-03
-5.764520872794248740e-02 2.395126455030099238e-05
-5.569923906071110042e-02 1.502333457633658518e-04
-5.434824234743274030e-02 9.625498299327850827e-04
-5.158434607292176899e-02 9.719240079285451769e-04
-4.850595287199602201e-02 7.366612711492418397e-04
-4.573558786923787034e-02 1.150558825355965523e-03
-4.349777313373875964e-02 3.172766125737180041e-04
-4.202449581399500533e-02 3.479495809483427321e-03
-3.634603320937289384e-02 8.367403819591792691e-03
-3.436323568902879821e-02 2.605195148512912725e-03
-3.152107894112624042e-02 6.507424831698467409e-03
-3.016603520553978734e-02 2.481553676689624097e-03
-2.856296100166810792e-02 1.187762745310298480e-03
-2.567354615796565986e-02 2.248716849825911027e-03
-2.474613740567641051e-02 1.109288129626056791e-03
-2.154381919741993334e-02 2.841115080044808849e-03
-1.796820024516526670e-02 9.293877758194245969e-03
-1.665983179937480241e-02 2.074954885559705375e-03
-1.491721177516239227e-02 4.686624006021479667e-03
-1.296361432082143716e-02 2.797794013892598158e-03
-1.017457037870053704e-02 7.029172862821202487e-04
-8.327532412986754506e-03 8.334548419364412120e-04
-6.256918670413363914e-03 3.283591282453816613e-03
-3.409504147586700507e-03 9.056309752333549425e-04
2.083743021666639716e-04 1.201616252016508759e-03
1.964175594135253444e-03 4.522908571371172452e-04
4.400071496280466565e-03 8.215048089564065551e-04
7.023007612983384051e-03 4.519074344405217547e-03
7.588541241824980910e-03 3.315371574541759662e-04
1.066909428381657143e-02 2.770785750408270680e-03
1.315618368520002357e-02 4.936965425578479331e-03
1.700105565187326473e-02 1.025932440952879044e-03
1.834350205167642467e-02 2.233049431911134867e-03
2.323347489284574574e-02 1.304768521856754628e-04
2.394235891335050326e-02 1.702496084233270706e-03
2.662658616587626481e-02 1.604009928786187490e-03
3.120437447476850923e-02 5.204640756997313752e-03
3.248025023996242711e-02 2.834990547520042231e-03
3.518281195494754598e-02 1.108422815456752870e-03
3.690491071046303473e-02 1.754491045811024412e-03
3.926488622752483115e-02 5.087335925336632092e-03
4.168709408186002663e-02 4.626776371936975338e-04
4.425922785529243231e-02 1.036407555327914986e-03
4.908524499452882051e-02 1.021449921855530508e-03
5.151035111447332948e-02 6.574179340199042638e-04
5.333689985986350690e-02 1.223605734857403015e-03
5.531220393721536510e-02 8.215275735773361690e-03
5.726540916978334339e-02 1.737856373965570884e-04
6.086973240016871345e-02 1.070169040979543048e-03
6.262622054571317931e-02 2.587244477674153099e-03
6.452884503348316203e-02 1.915989338340665484e-03
6.811185727793991895e-02 5.872095363625554065e-03
6.985190580819819473e-02 2.159230978383760557e-03
7.257189519200868411e-02 7.034010662602686523e-03
7.464211465768078035e-02 9.133664415343032425e-04
7.727909074623157126e-02 7.791283691938314564e-04
8.110480270951478388e-02 7.975928323487642294e-05
8.254124503641865895e-02 3.538848264417180246e-03
8.379297838710389468e-02 3.579149902291206813e-03
8.762951915502653621e-02 2.237362399823045449e-03
9.084363311529530804e-02 4.897668873608613171e-04
9.291783390779523311e-02 1.301023415767004485e-03
9.591412014873540448e-02 2.297691168032575807e-06
9.909696355330660511e-02 2.698836970609283081e-03
1.006359627198331053e-01 2.572774303033993409e-04
1.031227600098599817e-01 6.125273348645981532e-04
1.052308210346306616e-01 2.483928505441585985e-04
1.089023823757007126e-01 1.360037527694445787e-03
1.134328592915451184e-01 2.309605851115478065e-04
1.145726711739569192e-01 4.993380067626274543e-04
1.178612650901126324e-01 1.188380482915346298e-05
1.195750298629911224e-01 5.224463700743237028e-04
1.212661225898011841e-01 1.247358779249321597e-03
1.242296409153625936e-01 5.132979507218769994e-04
1.257184587403194498e-01 4.303529565873217264e-04
1.285766269307103138e-01 8.508400646889482683e-04
1.319309530792608376e-01 1.100659020804677351e-03
1.328088292590630104e-01 3.994553826665939449e-04
1.386338562818731357e-01 5.556026684970148894e-04
1.393568414102611119e-01 3.151383956720298259e-04
1.410335279158145827e-01 4.473094796257915664e-04
1.443391469817689177e-01 9.334142236890333654e-04
1.468873365282846732e-01 5.867724096930210980e-04
1.488702826606641549e-01 3.933339021745486052e-04
1.522253957691456216e-01 2.904069440284770239e-04
1.534045221147521398e-01 1.485565273835260291e-04
1.561347568923296403e-01 2.955148702939880022e-04
1.606576975706055510e-01 4.401255364629730890e-04
1.640977719327496587e-01 3.515269944928535277e-04
1.697070211737312651e-01 5.482739736161723306e-04
1.729667977654271716e-01 7.281860823351173995e-05
1.749239728223846435e-01 2.920571843310449338e-05
1.780963749378111638e-01 2.666309415412819656e-04
1.801188812924038318e-01 9.296718758799473164e-04
1.836108751743862899e-01 2.479227134538316332e-04
1.865709600136736812e-01 1.878728351266281769e-05
1.869175721809668012e-01 1.324254528703519031e-04
1.922753815135855859e-01 1.870888741844226261e-05
1.947194395898794728e-01 1.290833188393087662e-04
2.004077756941897714e-01 4.601586384624278456e-04
2.019996841850915104e-01 4.489254596936220645e-04
2.045876659519869634e-01 1.073226617809451479e-04
2.074021056102368643e-01 6.349436413501558267e-04
2.117084179997910098e-01 7.847143005459276044e-04
2.132829659087102092e-01 2.308223555922108350e-04
2.171570317995362709e-01 7.364887201317131451e-04
2.192754538141978848e-01 5.196459148951034456e-05
2.251832391977601211e-01 2.135464426623406528e-04
2.262800215696845196e-01 1.933909360655851415e-04
2.311049892668299854e-01 1.524100175046022728e-04
2.342400286968659984e-01 2.382211462968658654e-04
2.390052608595871209e-01 5.074088426140919761e-05
2.409660180996125445e-01 2.422766552234165757e-04
2.496349962352835405e-01 9.273824058208266288e-05
2.522418739103481355e-01 3.806265980045331647e-04
2.561284468874530651e-01 5.141445163901277500e-05
2.598131535848270945e-01 3.975689498609900699e-06
2.621028903557394152e-01 2.713772242422108467e-04
2.665430757357455938e-01 1.448489493516689661e-04
2.713222014430493600e-01 1.271293227106700579e-04
2.773931453960677418e-01 4.095274279115047032e-05
2.809675831968201365e-01 1.389419190043160198e-05
2.863463011473423858e-01 5.837311822887515089e-06
2.885177955667626026e-01 1.593885527471075245e-04
2.963720508059882741e-01 2.779550338080640255e-05
2.993727525966898839e-01 6.687463965705019793e-05
3.019319239446116576e-01 3.238790411989483416e-06
3.066988588187038456e-01 6.164968263357185343e-05
3.114981189673378115e-01 2.139444181553145567e-04
3.137821759384090692e-01 4.461703375267423604e-05
3.181881223426499261e-01 1.907477675912010585e-05
3.218657262095696581e-01 1.673259087508730154e-04
3.258971819995730157e-01 1.015268574624747250e-05
3.301117318676196621e-01 1.795930007034728158e-05
3.333384299952819596e-01 3.080938130025806689e-05
3.354186409763991739e-01 1.052201130351658210e-04
3.410802914885660009e-01 8.560141037018761544e-05
3.445306818081622091e-01 1.064024316734582250e-04
3.458099631765034765e-01 5.503109898872710916e-05
3.518607553816114897e-01 2.746476986084751479e-04
3.555009788862265041e-01 9.538897026618562184e-05
3.619358191735167485e-01 3.486416836215936848e-05
3.649462781074173101e-01 5.446627888363561642e-05
3.675042104917702335e-01 3.397603039989923607e-04
3.711954434180366746e-01 5.798685049825358578e-06
3.761949342566012211e-01 1.002685040763695085e-04
3.787627840304980675e-01 3.659853974365549528e-05
3.851305172167422963e-01 2.453572362272840742e-04
3.898558628185676000e-01 3.795990231798761997e-04
3.949164185751254941e-01 4.221987996238850491e-04
3.994422943578368468e-01 1.430123564054525196e-04
4.127923398627146856e-01 2.256936401473813201e-04
4.179858892501712719e-01 5.992417547690562056e-05
4.238081652238182562e-01 1.649015339326224115e-04
4.254631328402729284e-01 4.758684811787092582e-06
4.311422531878662534e-01 1.522291284565647845e-04
4.354819218201513853e-01 6.888457733020898928e-05
4.384318351916074996e-01 2.627952833241822242e-04
4.427360423176687210e-01 7.210417304574917585e-04
4.462552998093932133e-01 8.437157916358927520e-05
4.539995617028367292e-01 3.101773451795041968e-04
4.604298357586121271e-01 5.683640227253666409e-04
4.649929314652122558e-01 1.613178072134681743e-04
4.694241262448439755e-01 1.175497189531343403e-04
4.765812582645162498e-01 2.750385246140311631e-04
4.771796334824975894e-01 1.288661124077881785e-04
4.823531450281471344e-01 1.412635294234055661e-04
4.878553243104354342e-01 2.326836519716465190e-05
4.965900841640396579e-01 7.164859368824858660e-04
4.980641231663434088e-01 2.847324220852723840e-04
5.031757876282196840e-01 1.122280666522579989e-03
5.080266742639483191e-01 1.414723410900821940e-05
5.134902607311464529e-01 3.854472987016060228e-05
5.203019760321059284e-01 4.954636469333874988e-05
5.237248608062253785e-01 5.681386431569374306e-05
5.335173460654043520e-01 6.181794551979388362e-05
5.370674569390280206e-01 1.233972239714752344e-04
5.428277569433448413e-01 8.520888219244508678e-05
5.449365060500209745e-01 8.545305676538988407e-05
5.563533221262476625e-01 1.137330573988920123e-04
5.622128265539144687e-01 1.453976908070827685e-05
5.680753327491240290e-01 2.207167857241594880e-04
5.712025952479257151e-01 7.307979941704556386e-05
5.753770686516941346e-01 6.778488393840238681e-05
5.807474513791494042e-01 2.724863242577584203e-05
5.868718890469988292e-01 2.292587895500979017e-05
5.885959134844492846e-01 7.814962042352971720e-05
5.976361367864857499e-01 1.399026045961372774e-04
5.999056261262709633e-01 1.320521078235544084e-04
6.118181631141954568e-01 1.833030768454607163e-04
6.217091482807788339e-01 5.163351656303996769e-05
6.264288909319549736e-01 1.714191380282246733e-05
6.310873095079516659e-01 1.481495223213988408e-04
6.385270730472036860e-01 1.843115496731337149e-04
6.453465492792871405e-01 6.864415022302488537e-05
6.475192423887952131e-01 5.533581909270626358e-05
6.575865044183871744e-01 8.137410344644308621e-05
6.609976661476625326e-01 7.132671507972614643e-05
6.698107942623342526e-01 1.712291005132135936e-05
6.716345463964786822e-01 4.317495874268377119e-05
6.819010417708643024e-01 1.177260815643457289e-05
6.837417542214051513e-01 1.099898722525810427e-04
6.887962033155528019e-01 2.018495622805625356e-04
6.914947096146183414e-01 2.517339072691032056e-05
6.974359424922776940e-01 5.117974075396139596e-04
7.045335845006149844e-01 3.500293521892065829e-04
7.107661166628077565e-01 4.736926816181419243e-04
7.117791297236207848e-01 8.545331883035028756e-05
7.225424578185284386e-01 1.440623190904746960e-04
7.276234439936406506e-01 3.852843318270053326e-04
7.341611243795143071e-01 1.783671925329959973e-04
7.419215038233173409e-01 4.073439065867596765e-05
7.479157520187689201e-01 1.207564736007425742e-04
7.502493625872235228e-01 3.166095909227274887e-05
7.534121378245046685e-01 1.258814394999966266e-06
7.613331895898510782e-01 4.144050759562233673e-05
7.652493238969526601e-01 8.201896280848331702e-06
7.668484286548921114e-01 9.194712549082787226e-05
7.733140254037186301e-01 2.796061421067153375e-05
7.755442790143421972e-01 1.380558551306603456e-05
7.795017948596495438e-01 6.902127743357081545e-05
7.844688340849622632e-01 2.122303293866109966e-05
7.902068619806229544e-01 2.994524384893703005e-05
7.924908124329516079e-01 1.443246529018805314e-06
8.010146198612876356e-01 2.914826255038477401e-06
8.069498249486538599e-01 2.448999537979648923e-05
8.086197255727284317e-01 9.452540243226741507e-06
8.131638114201704681e-01 5.033435723191024782e-05
8.159833059575284375e-01 5.333951626739423079e-06
8.223201984253944996e-01 8.349274430513738653e-05
8.244606798797210478e-01 3.894894071695136518e-05
8.311047103398162550e-01 8.114146411139413006e-06
8.323335616106852797e-01 3.316041415267801415e-05
8.382607958612857679e-01 1.409081559939709687e-05
8.433736575447150496e-01 6.227675305041304073e-05
8.493472559098284025e-01 1.937742636764267672e-05
8.506824473172923673e-01 1.302977366734613574e-04
8.649951285557233582e-01 5.150425177252498167e-05
8.679406615501592537e-01 6.008162169710658751e-06
8.748907859422041522e-01 1.339018518118480715e-04
8.798647657421488910e-01 1.149786632841819556e-04
8.838381235178087714e-01 3.095025902295848444e-05
8.874017546057108019e-01 7.149051510153790214e-05
8.895990031004327170e-01 2.341997922084314827e-05
8.943702426516961790e-01 3.296521322307914689e-05
8.984605701957382173e-01 3.295504948808025301e-04
9.028323705844186753e-01 3.585850163077355674e-04
9.062688625868257075e-01 1.768734026388823306e-04
9.121397178464942801e-01 7.013137458631232835e-04
9.182614225159210219e-01 6.192974762490597641e-05
9.226767673822529048e-01 5.688421976757132136e-05
9.253139911767465087e-01 1.123788495993257745e-04
9.302003110798222618e-01 3.409787983592867751e-05
9.375386827468599193e-01 1.556688869458335380e-04
9.450136940630410320e-01 3.766332329738567020e-04
9.483151837384021787e-01 8.908492256840206064e-05
9.536476950683633325e-01 9.902416959433218459e-04
9.579592669035107422e-01 1.045672231263160856e-05
9.588378729887412355e-01 2.041516638085281825e-03
9.628945539134445841e-01 6.065420094109054937e-04
9.712724651777715490e-01 8.765622281642969729e-05
9.757005515713377264e-01 8.128448472017745126e-04
9.848552994405291861e-01 5.192134063137345337e-04
9.882823960571891497e-01 1.563251686848938170e-04
9.910723201487983136e-01 7.160839828542401957e-05
9.977812363436262544e-01 2.299648604767449880e-04
1.002852776910053256e+00 2.497223824804192834e-05
1.008032284359087427e+00 5.003028845473758788e-05
1.009846266262108827e+00 1.618783791350341425e-04
1.013496035475597745e+00 4.492137305660889716e-04
1.020263386993092380e+00 3.917584473675746518e-04
1.023060554118605969e+00 2.945825456013796608e-04
1.031579335122087659e+00 3.356590595655974422e-04
1.036578547079717527e+00 8.100276632863755329e-04
1.041845945488188541e+00 3.727325889718274940e-04
1.050568038076837629e+00 7.387945608872351229e-05
1.053603577272016922e+00 6.301866592269525405e-05
1.062102970690246950e+00 3.326305610556279195e-05
1.064865321975428714e+00 4.852139231755056900e-05
1.070267269303819990e+00 6.421848855407653531e-05
1.073368586451787676e+00 6.722552923492350644e-04
1.075193039499911629e+00 1.571072995245276021e-04
1.081791704089853257e+00 1.873706345847865097e-04
1.085965748392136554e+00 1.729032552496100305e-05
1.090977088826349473e+00 2.137802391737902391e-05
1.092601581824024670e+00 3.726022479359687744e-04
1.096777241704593120e+00 8.749853733305619117e-05
1.100095991751532276e+00 5.234900143521151764e-05
1.104329069405594943e+00 6.720703832216221680e-04
1.109507348378444114e+00 1.257608148538000162e-03
1.113692016667352513e+00 1.295772609874479444e-05
1.117778567033604009e+00 5.920731793220460846e-05
1.120344058479050942e+00 4.511404832013574465e-04
1.122610188770085671e+00 1.750423141236212262e-03
1.126974412443196183e+00 7.608018592599034597e-05
1.131962404254168719e+00 1.889449304507294564e-04
1.139365566009931108e+00 4.201782865907904884e-04
1.144596006362820440e+00 7.086655610688864793e-04
1.148331222297167109e+00 5.675188306743300583e-05
1.153311645210456149e+00 4.397670577147009581e-05
1.158343754515752000e+00 5.909954100920288190e-05
1.163522465536696471e+00 2.765542899697974498e-04
1.166877460047941240e+00 1.113526469092188342e-04
1.169534326013970116e+00 4.986554473825363740e-04
1.182178434893174090e+00 7.222804877311402548e-04
1.185846699228800372e+00 6.759232610704941479e-04
1.190903376931965685e+00 3.662527013048275950e-04
1.194201066454589899e+00 1.904211772539616317e-03
1.198123561636763590e+00 3.793208082387529694e-03
1.203010934480159611e+00 1.396453333749124231e-03
1.203457859084349657e+00 1.128434447802532676e-03
1.208098401502209818e+00 1.234234917961733388e-03
1.212102174734302373e+00 1.350323489930067118e-04
1.216254467257249061e+00 5.432175798240448158e-04
1.223540882134514618e+00 5.525874747599089035e-04
1.226888882585188245e+00 4.587036890824424355e-05
1.229974425695347762e+00 1.785551594872935004e-03
1.239427748309087640e+00 1.391952733770583693e-03
1.242808201358748255e+00 4.499996555697960117e-04
1.254403580357448256e+00 1.411634078542673440e-04
1.260362257291491428e+00 3.678264818451077844e-04
1.264621906050993339e+00 5.956232362055610642e-04
1.267313813547517709e+00 2.974204688516059094e-03
1.274837160999648722e+00 4.496358121755992762e-04
1.277578254906734045e+00 2.458710585600405426e-04
1.283841004478609493e+00 1.072904623327871699e-03
1.287103650432634527e+00 3.746016314679752541e-04
1.289273194478660400e+00 1.216637719741415162e-04
1.292167345931416467e+00 1.012739012736044988e-03
1.298296351780110491e+00 2.701255988581326996e-04
1.300283049036438321e+00 1.142012404939299515e-03
1.305449182563148680e+00 2.908002586835148969e-04
1.310993651757554002e+00 3.734569153623373437e-04
1.318251368631381704e+00 9.547071535388922722e-04
1.323618488510884150e+00 2.776708309510553490e-04
1.329666005308536292e+00 5.668252435796352707e-05
1.335952626261492915e+00 1.599670252697068650e-03
1.342261236407967573e+00 2.884367662716997259e-03
1.345101226525986071e+00 1.218969654267243984e-03
1.347699439827634516e+00 1.467361842777183990e-02
1.349120450660344694e+00 5.472121934773438922e-04
1.353884995604093255e+00 3.621604536880897868e-03
1.359891761972980895e+00 8.905391753602288560e-03
1.362083321913803324e+00 3.169165816432992656e-03
1.366931426022059748e+00 5.951874834066457620e-03
1.370139264592372008e+00 2.958080579493224758e-03
1.377432950051919125e+00 1.528125759600312654e-02
1.381484536550534381e+00 1.451388890979401353e-02
1.385753372184485688e+00 2.195709698981036448e-02
1.390584646487048381e+00 4.978334464681551325e-04
1.394661128192155042e+00 1.797512567376277626e-02
1.403248152749497102e+00 6.605720636047179590e-04
1.406155115311420234e+00 1.492990378776553771e-03
1.411783439740101675e+00 2.254147293619301526e-04
1.413866010737469869e+00 1.034369462437762822e-03
1.416241577990365652e+00 1.062659235257877068e-03
1.420815665881465906e+00 2.616321100304568035e-05
1.425009261539110783e+00 1.299770993474679915e-03
1.429425831866316221e+00 3.413350941095013441e-04
1.433943229435570066e+00 1.398156358675456992e-05
1.437030966794371256e+00 1.486232311659489106e-03
1.443731562008781388e+00 7.842537652256287945e-04
1.447378781358829691e+00 1.465638709025062251e-04
1.450256047826109285e+00 9.596375073112785445e-04
1.461308511713513392e+00 4.587814192395124607e-05
1.465689956867761268e+00 6.809540355143765952e-05
1.467748637104418608e+00 1.903549238135672245e-03
1.472850042737546827e+00 1.434791210696315740e-04
1.479485214026647677e+00 2.480108562691221274e-04
1.481657681245995173e+00 9.362658998406252252e-04
1.488505074674992157e+00 1.565904743520312717e-03
1.497768464545131240e+00 1.707471069374883615e-04
1.501700625596525951e+00 2.978118573091481907e-03
1.509813521190263019e+00 6.187036916797065272e-04
1.514144607905858697e+00 2.845945103306872070e-04
1.524253486946681058e+00 7.749476027096146170e-05
1.534891323954606923e+00 1.778524473374564017e-04
1.540188924603510756e+00 1.720925542187729277e-03
1.546607040712723036e+00 2.444911600995893484e-04
1.550908355910302516e+00 6.909160828135849520e-04
1.558107107143275716e+00 5.755601653814603153e-05
1.560550088879377517e+00 7.676677808293865890e-05
1.572166867690165448e+00 6.908250072953447214e-04
1.576168054579745181e+00 1.203805319619647221e-04
1.580739940421009848e+00 3.226672200955272587e-04
1.586173296015516598e+00 1.710234654291702345e-03
1.596995370887020593e+00 1.018734969759788925e-05
1.599987104138737015e+00 7.204584677178574922e-04
1.608595788410464245e+00 2.120287569577927490e-05
1.617620987078349781e+00 3.994613233749206888e-04
1.621077853947271219e+00 7.557260194497396918e-05
1.631754170762338418e+00 5.826792187298108572e-04
1.638932420022524150e+00 6.079140725768001274e-04
1.645666455430426556e+00 1.885536279242253609e-04
1.663593494863945033e+00 6.437670941403299220e-04
1.669471947759628927e+00 6.795057189254363880e-04
1.673946871880374943e+00 5.498463288333207960e-05
1.686526033788164014e+00 8.032493064362470302e-05
1.699028931162595235e+00 6.952487627353080813e-05
1.716244649777797004e+00 1.028841408267102238e-04
1.721877075718338812e+00 2.577932710118050418e-05
1.736171247429980191e+00 1.047167665103479695e-04
1.744480291833073515e+00 1.062426222608920821e-04
1.748390598652658667e+00 2.716485466627574724e-04
1.753015524986820894e+00 1.809411754001929876e-04
1.763071896219781998e+00 9.556676912272445200e-05
1.781788289057087304e+00 1.376646915254373246e-04
1.797933210889219424e+00 1.089145131762246535e-04
1.813468997281353134e+00 2.369433485842314783e-04
1.819158133502355001e+00 1.600040082660489729e-04
1.832972233996181144e+00 7.046852804274168188e-06
1.834944763674199120e+00 1.144415510378407207e-05
1.841512825412465526e+00 2.086113789072697219e-04
1.852550277505495835e+00 3.216356692582728982e-04
1.860503883046823681e+00 4.097917201133922227e-05
1.865122733568677305e+00 4.055462960179546787e-05
1.868191498310760590e+00 5.783600674733718592e-05
1.879223650419451275e+00 4.379672194840551775e-06
1.888151438310201380e+00 1.137233268842656530e-05
1.895981674260702077e+00 1.600482277600671097e-04
1.904495971160248047e+00 2.793973738690346030e-04
1.915558678997680619e+00 1.478634870756056824e-04
1.920261724274242798e+00 9.566229396296393583e-04
1.931298324733587535e+00 1.985986863261502994e-03
1.953516786769211366e+00 3.382664399361410548e-04
1.957302714106016639e+00 1.273599685308088151e-04
1.964118108495958692e+00 1.830300533958381399e-03
1.967523232956275292e+00 9.730884051946251312e-04
1.977827630450027296e+00 8.297296227161551950e-04
1.984428668954111075e+00 4.417616314577103268e-04
1.987471749733716875e+00 1.281846603645498176e-04
2.011726225526023981e+00 1.487291890903905296e-03
2.023671256360769277e+00 3.171148848740150037e-04
2.028468251702004732e+00 4.199917370483708333e-04
2.045056570117061767e+00 6.539114270993430554e-04
2.055360734524567690e+00 1.872162715167035750e-03
2.062943653401705824e+00 1.060543997792681324e-04
2.074323871539294650e+00 9.503657620191340168e-05
2.078256600611672500e+00 2.876087145127043823e-05
2.083758460438921656e+00 1.593290413059309982e-04
2.096206273766910044e+00 9.944900487660792289e-05
2.106566702019000203e+00 3.309727948743732196e-05
2.112023180015840218e+00 8.039891504704457716e-05
2.140920536843028188e+00 6.857485076994398531e-06
2.149126018799770055e+00 1.136361249945332672e-03
2.154685214778280233e+00 3.227603867263439887e-04
2.173883888818107124e+00 6.292057658066842381e-05
2.187957444752903768e+00 1.613184244695712026e-04
2.205087500613155171e+00 8.989729533501843303e-04
2.214827384707051650e+00 1.066869514749071648e-04
2.223371548824641497e+00 2.465481979230155674e-04
2.226246856538688590e+00 3.717520415235204900e-05
2.244387517754244499e+00 1.393500447113272503e-04
2.262606171914950615e+00 6.028149398359396692e-05
2.270579590399990799e+00 5.220144973353019625e-04
2.278990867557894706e+00 5.594178551929303609e-05
2.284702144704523263e+00 6.090690480249204720e-05
2.296890246001490166e+00 4.248705358112293590e-04
2.301989675682567960e+00 3.172645030643009810e-05
2.315803304064322443e+00 1.110888526832713122e-04
2.319548572685017351e+00 4.304379450180155411e-04
2.343360720878505887e+00 1.771378572643445622e-04
2.354043514872536491e+00 4.937719500723819992e-05
2.376089664305281346e+00 7.003683741864414215e-04
2.387093915263287958e+00 1.244532933202841408e-03
2.393029932799346504e+00 9.837801471140072453e-04
2.406022231546621537e+00 1.263701901470244910e-03
2.409158200903034341e+00 2.421003443973321074e-04
2.423366028744631251e+00 1.278702071406271680e-04
2.432738607952966703e+00 9.559205295694212694e-04
2.443663318063018508e+00 3.716860236779094377e-04
2.485340809168327780e+00 4.230615144582729865e-04
2.496639288369317811e+00 2.224527041689182611e-04
2.524059549989550177e+00 7.572315698709884257e-04
2.529255200787542623e+00 1.032703307065437363e-03
2.539351107967302568e+00 4.931795134039939623e-04
2.552728024816200758e+00 1.833159149406614037e-04
2.563339140919793202e+00 4.056639311108570451e-04
2.565804413934882344e+00 1.773049582857129706e-04
2.571483514087214761e+00 7.292658401056720859e-04
2.595778570133832730e+00 1.720680061897280960e-03
2.632021455335104676e+00 8.624494367587304255e-03
2.665081931177745389e+00 5.340760506332462888e-03
2.677821973793126809e+00 8.025396571828016107e-03
2.681973287220770441e+00 2.300582658301154534e-02
2.686561315331924771e+00 9.335029504358768188e-03
2.707909850323417800e+00 2.439505571009759182e-06
2.721659933640182771e+00 1.175794228236604760e-02
2.737483424302390222e+00 2.474110281490898584e-03
2.745466300570213125e+00 2.030747432117922108e-02
2.766834318917277713e+00 1.277764472954182225e-02
2.802571616993373205e+00 1.053659820684105936e-03
2.810677872887083151e+00 5.911071573818126642e-04
2.840047811790793020e+00 2.520297501018944116e-04
2.855353212578782163e+00 4.172938559409969985e-05
2.872720120000106903e+00 9.358226140969468500e-05
2.897235862201270606e+00 1.945609861481186842e-04
2.920355811495651821e+00 8.086610566438115301e-06
2.977328137893348270e+00 2.248252157283622756e-06
3.020250765156253792e+00 2.268233913476217552e-03
3.083869867541777054e+00 6.581928626471423476e-04
3.113316606775555329e+00 5.172193891224973437e-03
3.127413473176034131e+00 4.700510137178048084e-04
3.138238721241389584e+00 2.326693995831221153e-04
3.153917724969176106e+00 1.705236312359441429e-03
3.178035452303575426e+00 1.997551475920203662e-04
3.200404207219465391e+00 1.261673168300825364e-03
3.337149159252508657e+00 2.721946489606020091e-05
3.343993027536892093e+00 3.630054310077358338e-05
3.444623482523898161e+00 1.103553827542099113e-05
3.495209823008902816e+00 5.321741308062017577e-04
3.511586195147080147e+00 1.093845467324709096e-04
3.523453554456962067e+00 8.797500665879292605e-05
3.538608166354896056e+00 7.434422457065587248e-05
3.575558405441986665e+00 7.491822652195338729e-04
3.621931543223734451e+00 2.064501068025197128e-04
3.634988452545110604e+00 1.020247592569181174e-03
3.706094800973570358e+00 1.671784523046098266e-05
3.766797060197891511e+00 6.254700989943070924e-06
3.782073324165018846e+00 4.383692514838729280e-04
3.848197671135503484e+00 2.302227836963725762e-03
3.918668502906772488e+00 1.806755810821139997e-03
3.933199477372610886e+00 8.156532690019996628e-04
3.961999744423605918e+00 4.758346088677730540e-02
3.985105608399855726e+00 1.253591279607082576e-03
4.002344286167343057e+00 3.423346005075376172e-03
4.030079448121414387e+00 7.412447542309003436e-04
4.090858818597395086e+00 6.419579277194317323e-04
4.148399553451957544e+00 2.763552615848770158e-04
4.213868270724573151e+00 3.394014977969548599e-05
4.643189275109694591e+00 9.767132526564122150e-04
4.694722196674666392e+00 1.403273766491098639e-04
5.091034529080628701e+00 2.150949164401150249e-02
6.066810273345845772e+00 4.893259179035273215e-03
