-6.160131671867713266e+00 2.083303728323400612e-03
-5.173473154156956966e+00 1.476091191535123213e-02
-4.728871997452076315e+00 6.379526511200231940e-05
-4.711092729913437083e+00 4.864840298010579290e-06
-4.142609165580593000e+00 5.904438830994872590e-06
-4.103528028479349388e+00 1.105443601074248575e-05
-4.059281530384527770e+00 9.722211459960294487e-05
-4.034489621000416193e+00 4.915190556942548123e-05
-4.020760955719911323e+00 3.786421316503686641e-04
-4.006627170046995090e+00 4.879382599653939168e-02
-3.986076988783121777e+00 7.128085408524625303e-04
-3.969685821603536002e+00 1.310704821955335330e-04
-3.966555118395689306e+00 1.266853043989311076e-04
-3.950077471167977805e+00 2.247268510742272225e-04
-3.942584489309193696e+00 3.587899842333258725e-05
-3.915769011252196563e+00 1.345548968667263080e-05
-3.835792100055867238e+00 7.814238767345930154e-06
-3.650469787464698967e+00 1.398950938068776724e-06
-3.632942935181620925e+00 1.851346488406393654e-05
-3.602926832755127151e+00 6.611101987362119940e-05
-3.585594791934255454e+00 2.303399322220380312e-06
-3.486958768987397317e+00 2.730438624681188629e-05
-3.477606295853199914e+00 5.846330399319637122e-05
-3.456199958568989317e+00 3.014559614312346091e-06
-3.439355083291788517e+00 8.341665800930588568e-05
-3.415204302473746623e+00 5.391352723804967263e-07
-3.400635490385676363e+00 1.681164649590957818e-06
-3.362501463946978575e+00 4.752242378485155435e-05
-3.298482307265807378e+00 6.170060425539261331e-06
-3.282528612645593924e+00 5.051314208143610311e-06
-3.266478872279268586e+00 1.888867737830946940e-05
-3.176180920859975387e+00 9.834842426722360841e-05
-3.155281477092186648e+00 1.291598529977030065e-03
-3.140049474620042247e+00 2.579267776579210331e-04
-2.939263900547620878e+00 2.794641338796939550e-06
-2.910978618256553574e+00 8.285684485483496438e-07
-2.880536581457071588e+00 1.363424236119881523e-05
-2.877870501685280136e+00 7.371113368264009616e-07
-2.820736027188609718e+00 3.635281941347257711e-04
-2.813631085858293357e+00 1.556150653231282339e-04
-2.812052107390351274e+00 5.947447807952567473e-05
-2.801883166794896241e+00 1.202072882797090468e-04
-2.795561499867304178e+00 3.645134359407398985e-05
-2.783790602388869218e+00 1.778802957613190522e-04
-2.773611243991342512e+00 2.070126814820867341e-04
-2.768562243044170312e+00 3.350357297249702488e-05
-2.746054111010225451e+00 1.003003664742019600e-03
-2.741494377596842114e+00 1.013304304821636764e-04
-2.727586315162550346e+00 3.611892336552402494e-03
-2.724269628903693619e+00 1.001220466975636797e-01
-2.708317220043856111e+00 2.290006968596922966e-03
-2.697968206610037001e+00 6.726359277888993506e-05
-2.681096803336000978e+00 3.850548319874247827e-03
-2.677693278008300481e+00 1.648259076051188576e-03
-2.654622524319202981e+00 1.590066907539667974e-05
-2.628344814045325606e+00 6.828277486071685778e-05
-2.606807297967014492e+00 5.711443966244150657e-05
-2.597354067108307518e+00 6.699219933178634807e-04
-2.540701203382731421e+00 1.102675955084664251e-05
-2.530782992123285169e+00 2.615681799926997881e-06
-2.482423813945661806e+00 7.628305726068805440e-06
-2.468709397417599760e+00 2.465970374247240701e-05
-2.454738714532020083e+00 1.331465513346758323e-04
-2.439521934044117657e+00 6.606044774989625632e-05
-2.426009670738400459e+00 1.089477227914779407e-04
-2.410421980950138376e+00 4.260940361326464626e-06
-2.408902044841633394e+00 1.721408553960875180e-06
-2.400713363068361694e+00 2.023362080221458096e-06
-2.379585479270455384e+00 1.077589862285074539e-05
-2.371469976007001712e+00 3.477955282599952783e-06
-2.359945642794494702e+00 2.978097351744353477e-05
-2.356868328299203341e+00 1.372351273677764953e-05
-2.326365612453597187e+00 5.276033100573041689e-05
-2.318700350450181080e+00 1.110361476854618302e-05
-2.318229348547899527e+00 8.798360819450153726e-06
-2.316086171674172522e+00 1.556412644450345646e-05
-2.275857263545826736e+00 1.427973298899187015e-05
-2.271296554749380636e+00 8.670978432750566246e-06
-2.244963676717658174e+00 7.534992135589993999e-05
-2.241527626510450677e+00 2.834857642064724366e-05
-2.217599813520890084e+00 1.733919896797280983e-06
-2.209620335633409205e+00 7.853197086691148665e-06
-2.207528098504416558e+00 2.065551153339234489e-06
-2.198941996834262724e+00 1.051321595111184852e-05
-2.180636662259754832e+00 2.939596741879139012e-06
-2.175932296163613167e+00 8.209807565454557482e-05
-2.172352685590966281e+00 4.378060238262454631e-05
-2.170249125116671340e+00 3.210441150505386875e-04
-2.166858540998484628e+00 4.705290622037109938e-05
-2.164054925107063987e+00 2.587344396542707193e-04
-2.149648161046927797e+00 5.695195748406557549e-05
-2.147413843008412204e+00 3.991679948467038319e-05
-2.140553040311535149e+00 1.034775967714838789e-05
-2.137233482048057631e+00 9.865123011623226024e-06
-2.129373751283149652e+00 1.299638297652300797e-05
-2.124709830761122742e+00 2.575388869616211925e-06
-2.124314745050865927e+00 2.594875224087765788e-07
-2.103473302705185954e+00 6.679276657832969733e-05
-2.097013874130523536e+00 2.390052661588842723e-05
-2.087446667407677481e+00 4.197999364982594577e-05
-2.072822029108014164e+00 1.416926439739428233e-05
-2.069681409291649565e+00 2.378583904124434003e-05
-2.065888796454665055e+00 3.302723313979920002e-04
-2.056922249109388812e+00 4.888417817491356581e-05
-2.051238354579989931e+00 2.810721390373376955e-05
-2.046421436330874588e+00 5.689642429245880475e-05
-2.040120829098380995e+00 1.944389518099186052e-05
-2.024674879620502299e+00 1.541809247606159747e-04
-2.022311683858513121e+00 1.870375373216125018e-04
-2.011455194624107268e+00 6.559748158184263008e-04
-2.006406800606250318e+00 8.256570162053786591e-04
-1.995026461019437480e+00 5.645973644301520867e-04
-1.990834815550212467e+00 6.535347620161474419e-04
-1.984615946356037108e+00 1.959034856832664296e-04
-1.982851171527640899e+00 4.846490837892740498e-05
-1.979838292788476117e+00 3.409792028729441139e-05
-1.973798721438295933e+00 3.070325986392801257e-04
-1.967605077592008200e+00 8.067088316997461032e-05
-1.955887627201914114e+00 1.461171902888664482e-04
-1.943858108591189904e+00 1.459552717665516127e-04
-1.921630438719740042e+00 2.013750305908270608e-05
-1.899911686801495136e+00 2.981408604707173757e-07
-1.879601378964824931e+00 4.442697658744478876e-06
-1.827761757910822737e+00 2.451289825564467391e-06
-1.758307961458621449e+00 2.848528857821771328e-08
-1.749248110626146158e+00 3.410884708471229455e-07
-1.730476828814610180e+00 1.861198563504433735e-08
-1.713115568502886044e+00 1.008239874540974056e-06
-1.706091303246023427e+00 3.473242213703187031e-08
-1.680354317033468270e+00 9.021417455725492016e-07
-1.665012085902249028e+00 1.389127321683465877e-06
-1.662410249593170297e+00 3.686602382833072523e-07
-1.637015729362518268e+00 6.802317923401515828e-07
-1.634817740030917621e+00 3.915834866800309326e-05
-1.623536028452988944e+00 1.297041393097556836e-05
-1.612728471801843533e+00 2.052937862093040142e-04
-1.600213520851970550e+00 1.615348843270005051e-04
-1.596653428081791226e+00 7.813760912510952432e-05
-1.593196717012993924e+00 4.030848371879511575e-05
-1.587531382380871880e+00 5.463396020694717823e-07
-1.582143601951859546e+00 1.544885427082259767e-05
-1.568755834073646938e+00 1.569326297297628096e-05
-1.566327673045292190e+00 4.406290190505864010e-06
-1.564322721090716906e+00 9.537044854683646001e-06
-1.561576056200344009e+00 1.471478222818510511e-05
-1.558749272557446330e+00 1.096975070228060474e-05
-1.556330271417857736e+00 6.684548595290264113e-06
-1.553971688142724794e+00 4.088566161752855040e-07
-1.542658320164093988e+00 4.217068481498473286e-05
-1.538778176717611856e+00 2.198294973337965941e-04
-1.536165246035904541e+00 1.968543832516576192e-04
-1.534072058287592633e+00 2.431243890392439472e-05
-1.527563958006475264e+00 2.716078146068675193e-04
-1.519071375184854356e+00 4.133128835596398401e-06
-1.514185262168030288e+00 1.116237837392626688e-04
-1.511591578620411269e+00 7.015357346969152417e-05
-1.500440211109022703e+00 3.999235569194850288e-05
-1.493032880461115042e+00 1.664054834019821903e-05
-1.490121909368478548e+00 5.128790257352011271e-07
-1.484886495811646334e+00 4.606226772343204848e-04
-1.479209700402540628e+00 2.487864314981835649e-05
-1.472880273628222048e+00 3.346196336858296287e-05
-1.472538095157667204e+00 9.930918381387320791e-06
-1.472104138256641548e+00 7.897854520714772729e-05
-1.467786739722071188e+00 6.701647263723678219e-06
-1.463045910277854134e+00 7.488983851674400275e-05
-1.459270517144252155e+00 1.442005377873743202e-04
-1.459038041838952804e+00 2.399862023855229345e-05
-1.455936246996347494e+00 2.016795525542972170e-05
-1.451923155481630534e+00 2.428761642759833366e-06
-1.451273852255132057e+00 6.238351284901041288e-05
-1.448515979011721022e+00 4.090564520747794039e-06
-1.447127149712686300e+00 4.674052704789534892e-06
-1.443937863882180483e+00 1.447535817069944171e-05
-1.436004077171801008e+00 3.932252829363767102e-05
-1.431271098790294349e+00 7.370641811408465741e-05
-1.429643456850720584e+00 2.816182130769576957e-05
-1.424889252147390817e+00 1.384645351977703868e-04
-1.417529648832505762e+00 1.068621786159757132e-05
-1.412203513247590747e+00 5.584913735044712106e-04
-1.409744313221689804e+00 4.436439594539924049e-04
-1.405938120095016952e+00 2.147928345931744633e-04
-1.405053777700255635e+00 2.322799337028370284e-04
-1.401433608119234453e+00 6.416598705181856838e-04
-1.396293626887218142e+00 3.989470053482470357e-03
-1.391530940838760610e+00 6.378734371320310456e-06
-1.378382563254563653e+00 1.050270148403669064e-02
-1.377096478050907624e+00 1.179508252118662698e-01
-1.374119244396240003e+00 2.930219294370241256e-02
-1.370195404623796076e+00 2.713803150733369671e-03
-1.367009885286501580e+00 4.222035740117237963e-04
-1.363757308136865909e+00 1.899106476730244271e-03
-1.359329166070466943e+00 1.102972653716287506e-03
-1.353657208891001718e+00 5.498946794684978412e-04
-1.351458029231325186e+00 1.592702960022969417e-03
-1.347258203751152017e+00 4.552952476727028123e-06
-1.343684578652208916e+00 8.074023105321518918e-04
-1.336255248989804301e+00 7.268112556991555384e-05
-1.334326458466841503e+00 6.257016367369016945e-04
-1.330321023279652293e+00 2.852798117307338895e-04
-1.327619590363209312e+00 3.926349934984571359e-05
-1.324936297871823987e+00 3.475287213228167409e-04
-1.320076385562518162e+00 3.154442060660928975e-05
-1.317684822168751380e+00 5.181027919941434793e-05
-1.316631827406782973e+00 2.877628915982841288e-05
-1.306318425834978481e+00 1.309696965046345792e-04
-1.305671644361328099e+00 4.229083069771513779e-04
-1.294746816221858943e+00 1.754386630654098528e-04
-1.284174546754822455e+00 3.270183350770052645e-05
-1.279860727354775740e+00 1.525488835649443985e-04
-1.275212757742354208e+00 3.330112661758093942e-04
-1.266201228471817375e+00 6.318435297044594284e-04
-1.264510075285021129e+00 2.734946904190054285e-05
-1.259144597464400439e+00 3.296281583034234423e-06
-1.253212022981628371e+00 1.750462216410263508e-04
-1.247160592804607449e+00 4.990828551824230620e-05
-1.241238914649632319e+00 1.543244231890657106e-03
-1.237231753705890336e+00 1.534094273784508201e-04
-1.235631469125715087e+00 2.278582592401006855e-04
-1.234039055579672306e+00 8.858425937706838459e-04
-1.227821626193261295e+00 4.131313503924049905e-04
-1.224888288622823840e+00 1.488991244925316521e-04
-1.221839139253048323e+00 1.292391836464608455e-04
-1.214243301536972908e+00 7.980929725801855855e-06
-1.212105608849335825e+00 1.554550341918098735e-04
-1.208879706684311772e+00 8.492132511027818533e-06
-1.205707596104121482e+00 2.276834953388979051e-05
-1.204303575964497774e+00 3.367579164453665089e-04
-1.201330128897351246e+00 5.939874579366586759e-05
-1.194756155628203809e+00 1.327593017199195572e-05
-1.192763365358262106e+00 2.303120913213155133e-04
-1.184550320945874535e+00 1.758541826938884943e-05
-1.182989218836819179e+00 2.587095106343284334e-05
-1.177115981208045836e+00 4.146054764658393770e-05
-1.173082688882398639e+00 2.224241216852329859e-05
-1.167948668163995229e+00 7.449756689092480043e-06
-1.163935269304247067e+00 1.010867749992681169e-05
-1.161388718947556686e+00 7.721529367029194017e-05
-1.158542193830948142e+00 3.417134457472271711e-07
-1.155690487722463411e+00 2.639017909247432674e-05
-1.154934786652933365e+00 4.162407884194494227e-05
-1.138530621188351688e+00 1.695009732069813954e-06
-1.125548710557416010e+00 3.462927801516461901e-04
-1.121476000348408997e+00 1.608316416511719457e-05
-1.119773919164377851e+00 3.435034230719524432e-06
-1.117042190275340907e+00 3.261949166965930434e-06
-1.114684816619302410e+00 1.474964167483503342e-06
-1.105495915469271395e+00 1.555499857844105585e-06
-1.099621933715549504e+00 3.382735120262992539e-05
-1.098192674971564475e+00 2.553703751978571949e-05
-1.097040580730987314e+00 5.448163776051951584e-06
-1.095847406130612267e+00 1.291375373897186361e-06
-1.089790341721642797e+00 1.855095927696277577e-05
-1.087833417999677810e+00 7.924344857368348784e-05
-1.085526886058981733e+00 3.579817181750053579e-06
-1.078810964451476284e+00 8.486241449135319511e-06
-1.076609890491595722e+00 1.974379240107832390e-05
-1.073614709527868305e+00 9.567568112682390961e-06
-1.068675651034914020e+00 1.610041569922641988e-05
-1.067502846538263661e+00 4.285171769600538868e-05
-1.066068009217322476e+00 1.241995655581063398e-05
-1.064938202287279312e+00 4.965400725118720048e-06
-1.063100171235177083e+00 1.147178366687296724e-05
-1.060719162457922193e+00 5.989639240857731232e-06
-1.060035256151093730e+00 7.276436037635372626e-06
-1.058105291684141358e+00 2.039174247864013252e-05
-1.047497373563249345e+00 1.444109486386018436e-04
-1.043556270395008090e+00 6.155209985865175276e-05
-1.040632201804514878e+00 2.727484856062782907e-04
-1.031898325731128496e+00 1.983143972364675956e-04
-1.027922706931255314e+00 3.203379699438067835e-05
-1.019859328281206068e+00 7.673429313850527818e-05
-1.016398836864654154e+00 3.956421250057987600e-06
-1.013106249031811679e+00 2.457672713670860475e-06
-1.007898649500694077e+00 2.585927710728682142e-05
-1.003140010016803974e+00 8.733929860398675568e-04
-9.982684795862218907e-01 1.304602491323661418e-03
-9.945245950160562787e-01 1.657295841684016519e-04
-9.930908363581755216e-01 2.690249329845515727e-04
-9.898255846199410790e-01 3.220821752538135553e-03
-9.847673739284666938e-01 5.795811084096496988e-05
-9.835550675858835135e-01 1.163063229564479284e-04
-9.826492322394870804e-01 6.182562277333641194e-05
-9.802684049820006296e-01 9.524759018307029333e-05
-9.784686019839479165e-01 1.758241987634237251e-05
-9.765871300305777325e-01 6.881348708740260458e-05
-9.709407560059770681e-01 3.082270918634036724e-05
-9.575827223156679890e-01 1.955898606384582455e-07
-9.558237586339258796e-01 4.889916146161187290e-06
-9.453800061485909678e-01 6.473444706457362111e-06
-9.432649543097134659e-01 3.666504194611979540e-07
-9.419095788188162066e-01 2.651090907335346338e-06
-9.381809475139009091e-01 1.222355366973758159e-05
-9.280749747875871591e-01 1.570281405824362170e-05
-9.195177745465866748e-01 2.676745967497730237e-06
-9.165836700087977018e-01 2.733368987435927414e-06
-9.156091068437541836e-01 5.532926546260734897e-07
-9.136665503470713379e-01 2.375324438886358751e-07
-9.054331521868075328e-01 1.811398440725286135e-06
-8.951945826603466827e-01 1.693420194630953831e-07
-8.827104409007933139e-01 6.538176270319158660e-07
-8.764498546657798483e-01 2.457948069831606353e-06
-8.749449337712785768e-01 2.368847295853062678e-07
-8.742215676128937130e-01 2.847249092813047256e-06
-8.727196434453052820e-01 1.346335743954047183e-06
-8.613225195059257544e-01 5.216255872357681207e-06
-8.528209724777857659e-01 7.474800713107113430e-05
-8.460425329932997895e-01 1.309992074232644544e-05
-8.447151731337861902e-01 1.616377790180837217e-05
-8.393390504160085364e-01 9.232219372306482632e-06
-8.336677822039870733e-01 8.514637952499762524e-05
-8.317422413778846613e-01 1.051707996390478695e-05
-8.253315472497556593e-01 1.094791740712244451e-05
-8.177973437576299132e-01 1.920242629233544240e-04
-8.160089756786861326e-01 2.266399036005626157e-05
-8.134570334443500528e-01 2.786002130881096530e-05
-8.086349755957767949e-01 1.645387495907268944e-05
-8.079218084343549044e-01 1.620826608350970906e-05
-8.038043226634919991e-01 1.648562908161326044e-05
-7.982840333972855973e-01 6.395097067804813554e-05
-7.949265883385502329e-01 6.657318232363936862e-05
-7.835581425086780571e-01 8.831433613671526569e-06
-7.772055682690844902e-01 8.329576769192980951e-05
-7.708954768092152188e-01 5.093549219853691842e-05
-7.688813071105630170e-01 4.915336412586280510e-05
-7.653695411596446174e-01 5.086962654734253909e-06
-7.612080690645283143e-01 2.251257476287132751e-05
-7.568371835214157128e-01 1.314179205084152794e-05
-7.520454708324788573e-01 7.051036267598885981e-09
-7.392892126311787493e-01 1.716051863473635359e-06
-7.308796673331707794e-01 6.835753795015762826e-05
-7.169012658440964136e-01 8.444512565515835216e-05
-7.127661480511789938e-01 7.308896246581244086e-05
-7.099462970189565070e-01 7.598462603752469494e-06
-7.095755739200952927e-01 7.646768974903318179e-07
-7.034705733196365829e-01 1.679751690635943740e-06
-6.984418419070731465e-01 3.706415102802771843e-04
-6.874666903010202557e-01 5.105096884837614034e-05
-6.824617460087615273e-01 7.305592083332661349e-06
-6.794612656223203428e-01 4.511616527756179826e-06
-6.776558071853423515e-01 1.260960208596066007e-05
-6.713268847004827400e-01 3.807104701054386659e-06
-6.701734787226548695e-01 1.837179298368812414e-05
-6.643535811478242792e-01 6.613565385306370747e-06
-6.616715738667799940e-01 1.166639534410503956e-05
-6.547653977312057894e-01 5.874524408355461465e-06
-6.521154364935359826e-01 2.999234869865922479e-05
-6.459246949446775243e-01 3.963343435948252470e-06
-6.445955099234201846e-01 5.302038520947169381e-06
-6.380240278687433486e-01 1.870858503516294790e-05
-6.352780180797445997e-01 3.019781364555256385e-06
-6.306027201068978849e-01 1.219403700309585123e-05
-6.263141296682325221e-01 1.711359817917065702e-06
-6.207494384837499712e-01 1.217146908488761063e-07
-6.174182943934340972e-01 3.240555237217410237e-05
-6.144127574808128101e-01 1.649683980686954957e-05
-6.065286417816162512e-01 1.514584080982332452e-05
-5.960995532876749436e-01 7.737954474481030108e-05
-5.671603168566887732e-01 1.538632001351845959e-06
-5.586522529125104164e-01 6.608713780366504112e-08
-5.549519354869106857e-01 1.647806884585126240e-07
-5.525073368243139660e-01 1.239913801001468504e-06
-5.427136654052499010e-01 1.508359536421459771e-07
-5.389394621863160539e-01 2.886496751930187640e-07
-5.288685205727787775e-01 9.565521346057429463e-05
-5.116881956607572945e-01 2.589576701001243261e-06
-4.942897018664993425e-01 4.595660846168050653e-07
-4.641567093466498761e-01 1.135461402875250254e-05
-4.540252864425369239e-01 8.940660709495396001e-07
-4.228565211717210670e-01 8.811362736045699507e-06
-4.186922064316626058e-01 1.522215743822875533e-05
-4.103887305661375606e-01 1.740554479749468781e-05
-4.021373000624338112e-01 2.662214066449473135e-05
-3.979177363289811420e-01 7.890014973027259396e-05
-3.839305789565825577e-01 7.391861392990748218e-06
-3.758717309700774223e-01 4.215962757405736149e-07
-3.584093837632247315e-01 1.254168318414818658e-04
-3.507450279481716393e-01 5.740929084977961628e-05
-3.307077609577240840e-01 4.141537967621968190e-07
-3.288219728714293910e-01 2.032050336003557038e-08
-3.007175598150304552e-01 4.238217037761496067e-07
-2.903694257759694697e-01 1.896480427174619243e-06
-2.847162124268191041e-01 3.522519479702011360e-07
-2.638920567973643272e-01 2.277619197336060197e-07
-2.580883062964080543e-01 4.461805663344498251e-07
-2.515063843750828809e-01 2.035744363119643656e-07
-2.449563074446875210e-01 3.232140092570640352e-08
-2.412997419672547883e-01 3.790342032768663504e-07
-2.269338375130883767e-01 2.117676288303795066e-07
-2.246997453342194917e-01 1.106471716684770385e-08
-2.187924332698447105e-01 2.416854050583050861e-07
-2.149105537575829727e-01 1.268426647734574285e-06
-2.089903113544758495e-01 6.203766577359753310e-07
-2.046845974853775951e-01 3.392394558809557108e-06
-2.016586272921288558e-01 1.807338004737696077e-06
-1.968185473818941100e-01 4.276303127603180471e-07
-1.954542144036656715e-01 5.413678347303956907e-08
-1.911611353629229515e-01 6.584281458304881121e-07
-1.891411631137882576e-01 4.511168551293828589e-07
-1.847006210708798668e-01 4.936862593453981760e-07
-1.821117775152202023e-01 5.671183100604618166e-08
-1.784562658513343114e-01 5.803215958500150988e-07
-1.746963077047538615e-01 5.100153635840116443e-06
-1.723358824894236085e-01 5.781731350635127391e-07
-1.706504137397570064e-01 4.196230596746367502e-06
-1.651303312118114763e-01 5.575610490659363659e-06
-1.618568954743549726e-01 1.512868987584465649e-06
-1.599776204773321608e-01 3.837202457682159038e-06
-1.590713207744900715e-01 1.881760241866324980e-06
-1.533542082632631809e-01 1.073994948456722388e-06
-1.521412328265339120e-01 3.719073459998769229e-07
-1.489925710308794282e-01 1.191560113654380594e-06
-1.476563801333385384e-01 4.646659917631680845e-06
-1.453519624265057486e-01 4.121188791136811095e-07
-1.424092721099423642e-01 1.284849259655097855e-06
-1.408375322504261118e-01 9.684642085891051639e-07
-1.383208057457579188e-01 6.933523230381641886e-07
-1.352013681420419777e-01 6.462922075729842890e-07
-1.319283510600556819e-01 1.126026469375416270e-05
-1.303778051199354637e-01 9.669783829551826972e-07
-1.293440470320741109e-01 1.423545242468292763e-06
-1.272873691545750863e-01 5.897913935980767741e-06
-1.249590366860645341e-01 8.325617650254938951e-06
-1.228838150964147585e-01 2.896636688919372981e-06
-1.219975609577998998e-01 1.588561997010678821e-05
-1.194633264312401078e-01 2.184567531283685514e-05
-1.176411083688141956e-01 1.353109328416304762e-05
-1.149198536511753660e-01 1.491924477849389034e-05
-1.131012880306590529e-01 4.480563334686318388e-05
-1.124191611891948300e-01 2.664611729157043336e-05
-1.101761185342702981e-01 6.811713354691215616e-06
-1.080600198454895883e-01 4.824244462542319326e-05
-1.075630740615114711e-01 6.965701638300980409e-05
-1.053953009863477369e-01 4.409835368523353622e-05
-1.037411651030436532e-01 5.233997794331940473e-05
-1.027190671695067808e-01 4.348380884819451456e-05
-1.015548416519169717e-01 4.584395306076450541e-05
-9.957251927629492960e-02 3.386209116798669555e-05
-9.836346684835206577e-02 2.569836309382255639e-05
-9.614475757318818872e-02 6.005833416325093702e-05
-9.538009286039442203e-02 7.382710401137124883e-05
-9.408996613901429718e-02 6.125956268468196080e-05
-9.190952385638306854e-02 1.037693040853144530e-04
-8.928735422936220911e-02 5.064788736688117192e-05
-8.887978603144947032e-02 2.240998066934007084e-05
-8.712821805100037786e-02 5.077849543507163078e-05
-8.631263026647317815e-02 4.268426586930302045e-05
-8.456572009185511773e-02 3.420101438007238921e-04
-8.372341432553445650e-02 1.669797236600696275e-04
-8.223480720068893079e-02 2.718938126101882254e-05
-8.003142241353430886e-02 1.407747672325074565e-04
-7.844389962187917065e-02 1.746513343932520532e-05
-7.681544588353600433e-02 1.075504782462625368e-04
-7.505446935825901833e-02 1.247843157337514401e-05
-7.289793708099587266e-02 8.242395193833925706e-04
-7.181919486212329229e-02 1.724130332756406022e-04
-7.062457217583456570e-02 1.958991198296652632e-04
-6.894698753503064603e-02 8.866482474955148039e-05
-6.736388589406192007e-02 2.977542383541530676e-05
-6.451502365675518269e-02 7.046225422338110375e-04
-6.232630843905720419e-02 2.625864918450082804e-03
-6.161062651877011187e-02 6.627323921174756117e-04
-5.964994948935686825e-02 3.475301878448653421e-04
-5.894227408802549251e-02 8.051967978204172547e-04
-5.804476034082955982e-02 2.278012932311692483e-05
-5.601978536327095748e-02 4.594391111943780089e-05
-5.548018162316634139e-02 2.938757917699749700e-04
-5.371527192845415577e-02 1.464217673941307029e-04
-5.234397174326380076e-02 3.779483934221195018e-04
-5.164660939633225478e-02 5.609002180267815517e-04
-5.020627813244268878e-02 5.246855800047863817e-04
-4.890715102202661257e-02 1.593086217403834586e-03
-4.812791315913386714e-02 3.022118432488371141e-04
-4.776257001174458172e-02 8.789508675658060446e-03
-4.629545226222714360e-02 8.075397788679473726e-04
-4.560109497417183522e-02 3.252146446688240679e-04
-4.369469337294595856e-02 7.120991103877312911e-04
-4.305786235352943025e-02 8.300192767939373623e-04
-4.165854733134694010e-02 8.840687316550542574e-04
-4.106480703596404602e-02 3.824506955176058993e-03
-3.954089838064009377e-02 1.946988293574826654e-05
-3.889073523437741597e-02 1.693051442749919514e-03
-3.646743459021034584e-02 1.586938648676975610e-03
-3.604858627768214863e-02 8.447214607363463107e-03
-3.489730581436101264e-02 4.592615052750955600e-04
-3.345628813913171379e-02 7.090729111448012536e-04
-3.334862536982620418e-02 2.336702350536026818e-03
-3.167902703610017690e-02 3.622428249558964876e-04
-3.028668616220112075e-02 5.821347821282915960e-03
-2.960775641865365237e-02 4.546599660206995753e-04
-2.780487154468438971e-02 3.945615089288150197e-03
-2.640901146287477630e-02 1.678139533502816076e-03
-2.551012334474347942e-02 2.331521239696404246e-03
-2.482576816181716883e-02 2.172406312381452726e-03
-2.394875611332367149e-02 2.258832081074551971e-04
-2.272604342955192314e-02 1.480712807186075923e-03
-2.153699040402740073e-02 8.306560953008036360e-03
-2.113621855146613493e-02 3.597742767510625061e-03
-1.972668064396468357e-02 5.727072137444770778e-04
-1.916899081199964147e-02 4.263747850795633620e-03
-1.897533958024543929e-02 4.336157644867050590e-03
-1.659335641508324910e-02 1.376443225032883584e-03
-1.580011094458183551e-02 2.226983335394105154e-04
-1.341639837472249908e-02 5.567367224132572893e-03
-1.217878040255937488e-02 6.106069361747660032e-03
-1.133364637455178126e-02 5.973483404298016858e-03
-1.042172216274020458e-02 4.508265981834163466e-03
-8.975628802042667775e-03 3.652995048120179309e-03
-8.013935756727930126e-03 3.792396459594576334e-03
-6.420183070172891249e-03 4.985811250529670509e-03
-5.282106633702432497e-03 1.354655668334584038e-04
-4.527330227322323708e-03 1.637137421721694989e-03
-3.386010645507475658e-03 2.448302194967165099e-04
-1.776039081419350518e-03 3.739582290721515196e-04
-6.302776255122932714e-04 1.981616833747575275e-04
3.138290741667160155e-04 3.058778861953183803e-04
1.121862113378807591e-03 6.721439571914577605e-04
3.255933178128139760e-03 8.139403788531438195e-04
5.408073139496094583e-03 4.452096029683742448e-04
6.548605425372222566e-03 6.022165277123563793e-04
6.971725176980164695e-03 8.579285135640079326e-04
7.725109612490843602e-03 1.723244531931956026e-04
8.948056457872027858e-03 4.818238118691892656e-04
1.009949891409728240e-02 1.263738855156884631e-04
1.078931730155388569e-02 4.148347218854914371e-03
1.260821508273102243e-02 2.921914384964607349e-03
1.326641462566810481e-02 2.580629012925872261e-03
1.463513090512139070e-02 2.151388336690734059e-03
1.607015641713527287e-02 1.247251452080898326e-03
1.768567544699170546e-02 2.923964936356340479e-04
1.892288042010734084e-02 3.992184841622883548e-03
2.019920678720232843e-02 2.218858995983192660e-04
2.178654368382065831e-02 1.815207711478838189e-03
2.239915266740719058e-02 4.983068928408771088e-03
2.463691659402150735e-02 2.309295547296907718e-03
2.561814842015219806e-02 2.248585548160848195e-04
2.616230676288905377e-02 2.549235869198679567e-04
2.870045066429999236e-02 3.156797396797348320e-05
2.970014918572017049e-02 1.439849620990857251e-03
3.078314354984046375e-02 1.951803006007125788e-03
3.210230779747602625e-02 2.255148073396366897e-03
3.422864976073730636e-02 3.195528212593859180e-03
3.476148575721887957e-02 1.114681007244018932e-03
3.562534674958051095e-02 1.655020660045803055e-03
3.691231619389895302e-02 1.943394475642077246e-04
3.750080884172840578e-02 6.480976061009615600e-04
3.941704758336239678e-02 2.159444593938675532e-03
4.065598535999082053e-02 9.833569595243509334e-04
4.101566212203966444e-02 1.686340316738284186e-03
4.284800235895785958e-02 3.952918693335489425e-03
4.328800734478815970e-02 5.935570053270979030e-04
4.406504217002954471e-02 1.545240061484407651e-03
4.578958665762355995e-02 2.243466113679214429e-03
4.657908994915949119e-02 9.957428067308643840e-03
4.841431191564471437e-02 4.140718007539769853e-03
4.890037310625477973e-02 6.386304212014070995e-03
5.061878120718704688e-02 1.404112363952563294e-03
5.182741825899639387e-02 2.173277999426312911e-03
5.319536387583895243e-02 8.478612786471731444e-04
5.434345193316952871e-02 2.610257028370435283e-03
5.564527155567750016e-02 1.527790652322739669e-03
5.685720508658320682e-02 3.128120267917080741e-03
5.826499350732161631e-02 1.324801250478291554e-03
5.914246343025686414e-02 1.664580512381194470e-03
6.087970505841688862e-02 1.453907498806212640e-03
6.260286878043369585e-02 2.544799578651231031e-04
6.412313498771143871e-02 5.155015086594899858e-04
6.525357487536004308e-02 3.758580145684208159e-04
6.700144840497751497e-02 3.369133823507182028e-05
6.795864712544930075e-02 2.658528539909196082e-04
7.037712837945514499e-02 1.365758030042247997e-04
7.115773034775640937e-02 4.445112249028620267e-05
7.236945276296352647e-02 7.332820290953533278e-04
7.324520006047274823e-02 4.712039343490167305e-04
7.430006261507765553e-02 8.956007798634531703e-05
7.602466950985620198e-02 6.552204932944817378e-05
7.710525246599225779e-02 1.940072485527542258e-04
7.910259597771329698e-02 1.623279071067458166e-03
8.099889371195750920e-02 6.601226110238899521e-05
8.166472439037958386e-02 1.093410459308013873e-05
8.372309989131043739e-02 1.661014458416316941e-05
8.508118190334584829e-02 2.168581200859158778e-04
8.665575549309229020e-02 3.522126955235129918e-04
8.701925843290481133e-02 2.584450091136547193e-05
8.794262055523649479e-02 1.083250465603051758e-04
9.015487764917717861e-02 2.858052790925621361e-05
9.274313502792230768e-02 1.889377846160807627e-04
9.372333627889078977e-02 4.547577071232457237e-04
9.495599918480696067e-02 1.484717360278678942e-04
9.686740158940038148e-02 1.355252196828524765e-04
9.872033357990595004e-02 5.387074598155881194e-06
9.938883291325395497e-02 8.255065264202519470e-05
1.021094593667194461e-01 1.002592536990825821e-05
1.035926648558894159e-01 8.170685968316484518e-05
1.045847689149452253e-01 1.948316333990243162e-05
1.081797838659944166e-01 8.187328418670490010e-06
1.111761794116549185e-01 5.910241102297228763e-05
1.122730647113385771e-01 6.366272969016458893e-05
1.138852354523515187e-01 3.904391562313945283e-07
1.169283158829328706e-01 8.108388269833704057e-05
1.172246046851295742e-01 2.997025945316623296e-05
1.205196150124961396e-01 5.683461454499618174e-05
1.225191063912929729e-01 1.092756629588438415e-05
1.228532960211207864e-01 3.000797888183505551e-05
1.267949755039115556e-01 3.216486813898907399e-05
1.281629749831857401e-01 7.341525025359005989e-06
1.314238714445046252e-01 1.647040909268034475e-05
1.344752591312358136e-01 1.372784015132158257e-06
1.366928209160551133e-01 6.989767457664629889e-06
1.379533907736661402e-01 1.171678260608888594e-05
1.393885064864927581e-01 5.103794620274163939e-06
1.423460265278218007e-01 8.348083763107139746e-06
1.454128631507394798e-01 1.482068633876033789e-05
1.460173614791369645e-01 9.885907346306477955e-07
1.502903890664172293e-01 2.208921602927836870e-06
1.518765274019475142e-01 1.651563469222886826e-05
1.549992837553735847e-01 7.484869203228390888e-07
1.583812739924315149e-01 9.923360976350201577e-07
1.616425611322556688e-01 1.943431668784509629e-06
1.662692904596168031e-01 1.513517646218348206e-06
1.682231281261842848e-01 7.105739704746307209e-07
1.718561358126495797e-01 3.264603292214835641e-06
1.729084608936305445e-01 2.984407131564307427e-07
1.772054588859406921e-01 1.126305403734253613e-06
1.799974727977394773e-01 4.723122213152789726e-08
1.804857511624783917e-01 1.146207597164060180e-06
1.831624649019326090e-01 5.748756999462247791e-07
1.881963886967101818e-01 8.683724790176207527e-07
1.925454536434194064e-01 1.438507644101505952e-06
1.957482830897786519e-01 6.758069458939226234e-07
1.977196310060257423e-01 3.953896707352344928e-06
2.003948378805138208e-01 5.690487618398018623e-07
2.054720222145532960e-01 1.505486696963035005e-06
2.081573920155087576e-01 8.131910158752926337e-07
2.131802095263859442e-01 4.579182661811631124e-07
2.154436535843191614e-01 1.064252994393683628e-06
2.179312546306174658e-01 9.741967880830787618e-08
2.309207754516728883e-01 2.418476583221986670e-07
2.371002928462315751e-01 1.482957946501780782e-06
2.451965906789270733e-01 3.350127671002435026e-07
2.638653879507852906e-01 2.412854537077083443e-07
2.813290841964573019e-01 1.182699541308333756e-07
2.874410165984921939e-01 5.561021635134284597e-07
2.895563852347768363e-01 3.714305199580298533e-07
3.019816691489456417e-01 1.063335390996908542e-07
3.586839579035192571e-01 9.757313823225535662e-06
3.650190029770951083e-01 7.805048550359991498e-05
3.692477297030500316e-01 2.514557403712036729e-04
3.709176892763547673e-01 1.486006185849317654e-04
3.943783240841538529e-01 2.778129357382466086e-06
4.015818511974904581e-01 1.486260340643050161e-05
4.108908500704488431e-01 2.113755197339295470e-05
4.165497874500165842e-01 2.839955591324705623e-05
4.386206890084221044e-01 2.499276388640475331e-06
4.446770355146226206e-01 1.174550239728516692e-06
4.498477890739285834e-01 5.097355155018436260e-06
4.688806050967588845e-01 1.647069974320115353e-05
4.951893242949259033e-01 9.999125398923841603e-06
5.098727631303807684e-01 3.126472272971661934e-07
5.223119945922143348e-01 2.912276351488469422e-06
5.248650945471585727e-01 3.875677667292400426e-06
5.343463096831837511e-01 5.472729617740313887e-06
5.361745110816782400e-01 1.407274967183815460e-06
5.392194750396461789e-01 8.209765224589716831e-05
5.565898537631568388e-01 1.607905692367195552e-07
5.624544275798024628e-01 1.155512334326605791e-06
5.838445120174293734e-01 4.968674389530411227e-05
5.988082451853165011e-01 4.396823179765740546e-07
6.089499062854022426e-01 7.437386379452801760e-06
6.169686236543068247e-01 4.004478760559119734e-05
6.250077968005253171e-01 1.156483746102508917e-05
6.283864096994453696e-01 1.018508688797554021e-05
6.345862101884343076e-01 1.868720798975996607e-05
6.363383249543825837e-01 2.540358987761176339e-05
6.405362733813743104e-01 1.443357702206543927e-04
6.420236564012488101e-01 2.578134759901752802e-05
6.431604841187656962e-01 2.126346883328779101e-05
6.487350927072803586e-01 4.844378782922090454e-05
6.563106226564121570e-01 1.137053126040677838e-05
6.621370259064010000e-01 3.777765563855260368e-06
6.654958683846938783e-01 7.235623517785374337e-06
6.767473149275318178e-01 4.719016421523495380e-06
6.807088193402954790e-01 2.045242859956039036e-05
6.833332212494288571e-01 7.209896417081618463e-05
6.898471579666290987e-01 4.968323730031104784e-07
6.930739313888478748e-01 1.341784698929255055e-05
6.945586004247754630e-01 1.505663639429430717e-05
7.000651837435126756e-01 2.170505464012526572e-05
7.009684571985573820e-01 3.181945481225737605e-05
7.082849967573334737e-01 3.419512629774879367e-04
7.190851158104090146e-01 2.871440018123881376e-05
7.256601149314425570e-01 4.306188901094241722e-04
7.317807674192934320e-01 8.848175600249780538e-06
7.357457230388314562e-01 6.670331213585953617e-06
7.386286770222230125e-01 5.178155545372732428e-06
7.518414667365380666e-01 1.108020435367558864e-06
7.591144838142779294e-01 1.328813689538134651e-05
7.636219819631099304e-01 1.229215551193221810e-05
7.684856418909808973e-01 9.062188536273711235e-06
7.720477972252797194e-01 5.818372947771552224e-07
7.747035154490291564e-01 4.985014651450103586e-06
7.777512854576634771e-01 2.048354491117881609e-07
7.852826636927332515e-01 4.778267070076010867e-06
7.898900329037084056e-01 1.344296520828720164e-05
7.925998043071513788e-01 1.311124876568549752e-06
7.958284834913860184e-01 1.716725838869602283e-06
8.045322756999810920e-01 1.351724881434348391e-06
8.102809074218439989e-01 1.125755275503971340e-05
8.166021040882284199e-01 1.546977737323853726e-06
8.186427709629394700e-01 4.339596473754725989e-07
8.217932474345990279e-01 7.443182391944817310e-06
8.331935357199365955e-01 2.090182946720090541e-07
8.365421905477674613e-01 3.776837469812121916e-07
8.402941421136241873e-01 2.040948731662106673e-06
8.419768396246700704e-01 1.231247493089517806e-06
8.461287241077212196e-01 1.100941002696556732e-05
8.663024067679491180e-01 8.855221868052895156e-06
8.672816669952021496e-01 6.469631646096490591e-08
8.684973433571414603e-01 1.221553673974837155e-06
8.785903820565961198e-01 6.564206482643078283e-05
8.793152383275317785e-01 9.688519187332630077e-05
8.866159179469889073e-01 2.163804121078987216e-05
8.877127830567779210e-01 2.505786700247712496e-06
8.884248613001612949e-01 1.023718733262507548e-07
8.914990210615965083e-01 2.256178884508753557e-06
8.921711825507417926e-01 3.567432470922816749e-07
8.976432395908586770e-01 3.370658633567984242e-06
9.015213541049403867e-01 4.857345712940546945e-07
9.034627284326053331e-01 2.320125424041230612e-05
9.061338288843158173e-01 1.379400476013176094e-05
9.083523167096724249e-01 3.869992445301319923e-06
9.334568267803717845e-01 3.671603816449010048e-06
9.430194753220290105e-01 3.058919407265067675e-07
9.460187316448660511e-01 2.070300592822869989e-06
9.532652509947329156e-01 5.569982025644606841e-06
9.556259618797934285e-01 4.806511200826014278e-07
9.573619023837260933e-01 3.309492563629452368e-07
9.632217756639918083e-01 1.844153991626787789e-06
9.653869362960929568e-01 2.118930511578526451e-05
9.691754559312646400e-01 1.090691886551404382e-05
9.746824724774463267e-01 9.771184572973141838e-05
9.787308205280241813e-01 5.379622346986897230e-06
9.803499656525552775e-01 1.474737468239108516e-05
9.836391481093614830e-01 2.008485209093880921e-05
9.867129086903021484e-01 8.756860505241983075e-06
9.913591661291065726e-01 2.301040276249421198e-05
9.949413883836811801e-01 3.077107678943920819e-05
9.952821520027643754e-01 2.916426166795014268e-05
9.990623574825792108e-01 3.051820591019759239e-05
1.003118494347859491e+00 1.767679470887703694e-03
1.006019216153513751e+00 2.799359242895081180e-03
1.010396812351128215e+00 7.453810845952837244e-04
1.012545466189636034e+00 4.709533091024865285e-04
1.019184801858095568e+00 1.040531555073702879e-04
1.020957862206402167e+00 1.692261766818299151e-04
1.021567068277635215e+00 1.176196166771202031e-04
1.022532732711224579e+00 1.749632823115717826e-04
1.025823020099618343e+00 5.864644067033839437e-04
1.026880961229744926e+00 6.430040819088695238e-05
1.034881920357561214e+00 1.092004304157582762e-04
1.036830859290101881e+00 3.417659259160893939e-06
1.039432878759062984e+00 9.480222426884153957e-05
1.041477012583047479e+00 1.144433206916868037e-04
1.043182838115417788e+00 1.106335366384673290e-04
1.055106699444093188e+00 3.788404379715767740e-06
1.063870378387694826e+00 3.718290903064599151e-06
1.066406303683289591e+00 3.150260765391142466e-06
1.069018833237804333e+00 1.978752142843591085e-04
1.079414947496057486e+00 1.941972252666500508e-05
1.086860069344333546e+00 7.844591167120456459e-05
1.088170056505237016e+00 1.746517871353619076e-05
1.089556258464638772e+00 3.532745392581080766e-05
1.098443021582865109e+00 1.840889231990800728e-05
1.100095844292069636e+00 1.284781714820468635e-05
1.101046990284755944e+00 2.684321555307373581e-05
1.109043236648394437e+00 1.409280021334560280e-06
1.109669431361101966e+00 8.157793909022781678e-06
1.114520476853386288e+00 7.560243535423058340e-05
1.117058469785713992e+00 4.064270683077015126e-05
1.120415280955532333e+00 4.725180767616578124e-05
1.122852339955556333e+00 7.747747712198957261e-07
1.131255526075273021e+00 4.897412968632854245e-06
1.133128035925484944e+00 6.637416801828834056e-06
1.135007749674172173e+00 1.483640143663499653e-05
1.136985699977306252e+00 1.093380188940747304e-06
1.137644377044637389e+00 5.314440639527185712e-06
1.141695768383142573e+00 1.371257598551238149e-05
1.148701177476358026e+00 3.177157246110173117e-06
1.158521518045696475e+00 2.113372174515094317e-06
1.164335673172692154e+00 8.030258947164829666e-05
1.170631709444358570e+00 5.238766517436686332e-04
1.178251419676875855e+00 4.572024858132656987e-06
1.184589731802412116e+00 1.122397346930239905e-06
1.188953435099109557e+00 1.630851033857006231e-04
1.191236261766473126e+00 3.861680545144333929e-05
1.198111397030882763e+00 5.376995512221256594e-04
1.206628156164465615e+00 1.657463346159528204e-04
1.212253072937782283e+00 1.929141592566921672e-05
1.213082050777127385e+00 4.594612840001724571e-05
1.214773217975164910e+00 1.594786491291177338e-04
1.225265131535496543e+00 3.547321585068047051e-04
1.231456194905903523e+00 1.144172713213926254e-04
1.236738412327159642e+00 8.968695424747824422e-05
1.239262243484603676e+00 6.091571649277318810e-05
1.243493081139101175e+00 7.013173350719736606e-04
1.246728368245152652e+00 1.774282874941302641e-03
1.249014306998298629e+00 6.431524522651145710e-05
1.253691326233783654e+00 8.985421283797329550e-04
1.255683460224416459e+00 5.229276109068176082e-03
1.262373630281862447e+00 5.743280228953024285e-05
1.265269181038103596e+00 3.717240372199468314e-04
1.266719148169274112e+00 1.694491479447991355e-04
1.271011237007425132e+00 5.227362183164334982e-04
1.275731647826500392e+00 7.843238978267964075e-05
1.280232882711416442e+00 4.802482532883234345e-04
1.291231193524417620e+00 3.856180973559355759e-05
1.296645966417268925e+00 4.741317801206478677e-05
1.299602279431225194e+00 3.627002224222385389e-05
1.302084038287575352e+00 1.949239405310506149e-04
1.305662983988334691e+00 4.852464194925257675e-05
1.308118715833235690e+00 3.079591835655851061e-04
1.313691815411234920e+00 9.328804839473082793e-05
1.323137216737772626e+00 3.843678162711728751e-04
1.328091137323969662e+00 1.421290449648615400e-04
1.334510676313390931e+00 9.527675002322446316e-05
1.339569859480342906e+00 1.923758880344993431e-04
1.345651213125084400e+00 7.280129204726256331e-04
1.349650658668558600e+00 2.621805455977573355e-04
1.359455989806445109e+00 5.680571360390518354e-04
1.361858452308906342e+00 1.986502334658045270e-04
1.363593165871716195e+00 9.465614289066041410e-05
1.366293566643766777e+00 2.341453869952559656e-05
1.371938909982451493e+00 1.071485282973560658e-03
1.374927287996470904e+00 1.329987665469709208e-03
1.379148281816013233e+00 2.421894727824867605e-03
1.380251555934425944e+00 7.344684078248765735e-04
1.381902207580407493e+00 4.998915736587643786e-03
1.383019857564555366e+00 1.657190735837191231e-02
1.386017998564537779e+00 5.741567274554869316e-02
1.389614849415503395e+00 3.887717183916096497e-02
1.393867548878045426e+00 3.089019745100416922e-02
1.396825953595319358e+00 3.251927346836054177e-03
1.397397342111370566e+00 6.521294776720896330e-03
1.403090611753612826e+00 1.302278393363454252e-03
1.410679476708527780e+00 9.839715608335457438e-05
1.414042894644606418e+00 3.534863751943683277e-04
1.418205397262504386e+00 4.169600608386731894e-05
1.421590770571245610e+00 8.231243959076336102e-05
1.423856972351717154e+00 1.208905574753995862e-04
1.428269596339015290e+00 3.672939693191099177e-05
1.430500419816679303e+00 1.166563677742685342e-04
1.443320864545336590e+00 7.570785166973737748e-05
1.447430277521952080e+00 2.357045041334793385e-04
1.454812867281578770e+00 2.000941295288589104e-04
1.457047433152511617e+00 4.378832254739412300e-05
1.459096772475496628e+00 6.524398508336244130e-05
1.462584550567880504e+00 1.010698489736493335e-04
1.470076581814208527e+00 1.010524428968840345e-05
1.472912422108153541e+00 1.284738527072017654e-04
1.475352222781710854e+00 2.272265661759349071e-04
1.478520248215893007e+00 4.768488069314072853e-05
1.480514327003491948e+00 8.877102723907706345e-05
1.484163621652719645e+00 9.223191730678790689e-05
1.488133837643064838e+00 5.053820220897053503e-06
1.496282640747011783e+00 1.036487857226114730e-05
1.497798708986812777e+00 4.477845674035736336e-06
1.500022842331277584e+00 4.283517104492250090e-05
1.505872919884178263e+00 1.725017824071270906e-05
1.509491256565652639e+00 4.698640175066256550e-06
1.514932296066554329e+00 3.947571595183671994e-06
1.520225051493568236e+00 1.970854238677130447e-05
1.523061012227091782e+00 4.732590026026574728e-05
1.528872201490480087e+00 8.400284838712975707e-06
1.537188852760697610e+00 7.872943531199771958e-06
1.539297561070226195e+00 1.537452949619934347e-05
1.540885613906292750e+00 3.568217855128195080e-04
1.544160851859183614e+00 1.534784634503264791e-04
1.546716667792429112e+00 6.636377801849546883e-05
1.554244115496962841e+00 6.371301314044253931e-04
1.560996279443566337e+00 3.331282037011612035e-05
1.567060541701652987e+00 3.869005813514650812e-05
1.574428423392444376e+00 3.573154392775866942e-05
1.577919924101826687e+00 2.130281206574887007e-04
1.588426892929872380e+00 2.880261909144438574e-06
1.601888252958005632e+00 1.051931273290628824e-04
1.606208229725918146e+00 3.431781425475423258e-06
1.612140575663357112e+00 1.876064499071631325e-05
1.616765674599133895e+00 1.231152409769179621e-06
1.622437403402201328e+00 5.784851653919110650e-08
1.626747837526084428e+00 1.367167704658014225e-07
1.630764736726132647e+00 3.519041391480890258e-06
1.638475293129779686e+00 1.760566535337874808e-05
1.665443356755382354e+00 7.044305730285566862e-06
1.671848158980836274e+00 1.496809459289881479e-06
1.685142838644065222e+00 4.357177037088772337e-07
1.700539391013302870e+00 3.666711916134970628e-08
1.701826085813312517e+00 3.354362297278859812e-07
1.721718906995765686e+00 1.248284182320176192e-08
1.804014979732659008e+00 1.385674758090358346e-06
1.816201690782478728e+00 3.000588432467259141e-07
1.836014064265267365e+00 4.649932856358660761e-06
1.884630177558256570e+00 5.069891456721143389e-05
1.929717095635915314e+00 3.569163547947688911e-05
1.938908830189257415e+00 4.564838715646333850e-04
1.945899417391084185e+00 1.212753963129087125e-04
1.958852614633903144e+00 9.739525150137942337e-06
1.972346045471081055e+00 4.271394603281338377e-04
1.983091000080144051e+00 3.354399038344324529e-06
1.985073352023484006e+00 9.324679615083127765e-05
1.985366081592150334e+00 1.083795040343734836e-04
1.993912079497760725e+00 8.207595127065072749e-05
1.995226206677215064e+00 4.029131526711370948e-05
2.000004558644717267e+00 8.871408356702338246e-05
2.003276252925099588e+00 1.570771097376153034e-05
2.006994626097347467e+00 2.519312758693360495e-06
2.008888867395920652e+00 1.348596836132047797e-03
2.018507159031745601e+00 2.396430232793167838e-04
2.022985532763560634e+00 1.904859693226082940e-04
2.027283301336423982e+00 2.530579537198626326e-04
2.043616135620259122e+00 4.122099987941418621e-06
2.049329997064930797e+00 3.872716773494028030e-05
2.052546861513426357e+00 4.736790984984450258e-05
2.065464945603046054e+00 4.464641864753212818e-04
2.071787186667091607e+00 1.606377105517225903e-04
2.072899006397159294e+00 3.677765065582042341e-04
2.077059225414576105e+00 4.093949284601161668e-05
2.096534258556721930e+00 6.415362118754627193e-06
2.105908111492154955e+00 6.937519722744339701e-04
2.106719586565595215e+00 2.231420322221885802e-04
2.119460590601255134e+00 5.443914807559256419e-05
2.125756922269186333e+00 6.450075568790734665e-06
2.135105952820817166e+00 1.559446929144183444e-05
2.144830569756376537e+00 9.914004380886009673e-06
2.146860351421766122e+00 8.871245461064324877e-06
2.158642401516294385e+00 1.003829895839701696e-05
2.166666213850866995e+00 5.388740905521914820e-06
2.177322363182485176e+00 9.962703108377222072e-06
2.178979016153963943e+00 2.231824764700388257e-06
2.190338276761342406e+00 8.924216946080047467e-06
2.220666063411565805e+00 2.841495395848665675e-05
2.222488762264688944e+00 1.402609792268956712e-05
2.232643966923529621e+00 6.541089949351725141e-06
2.240108371702554724e+00 1.108003040497313656e-04
2.247473565499398696e+00 9.814037725368306785e-06
2.253001162579550520e+00 4.537375295541934878e-06
2.268092907704238659e+00 2.390937002348405936e-05
2.291731085062845619e+00 2.090936467537403445e-06
2.298207013093235940e+00 5.386462304401986402e-05
2.300540180444173632e+00 1.144657676955422057e-07
2.322873339087954569e+00 5.888734804788244633e-05
2.325693308630539136e+00 5.559145738390768444e-07
2.341614714298149380e+00 1.854320480603828551e-06
2.348502384702561674e+00 5.624460179188339226e-06
2.356613868442561710e+00 1.289840921664852697e-06
2.367282449062651395e+00 5.509366807225475290e-05
2.391723255756009969e+00 5.667699410278392776e-06
2.397120414407858835e+00 6.287650435242961919e-07
2.400457113944991949e+00 3.207728438150723923e-05
2.423804424998077245e+00 1.538350073281940684e-05
2.426620575324875961e+00 2.642971280680820798e-05
2.467042895800738656e+00 6.167701894255768870e-04
2.477687761163234192e+00 1.536433276824920218e-03
2.486449955503662768e+00 1.685644299452058016e-04
2.509018595785261763e+00 1.880705854993364142e-06
2.518861319341965999e+00 1.891078694332346327e-05
2.524063588221066468e+00 8.000024109764723788e-05
2.592599760772778872e+00 2.444461001613653286e-06
2.610312043408017590e+00 8.924172697292393278e-04
2.623133712034908971e+00 4.525898655193031327e-04
2.659874455712756713e+00 4.729074845742278478e-05
2.674289780184321952e+00 3.628316691724994451e-05
2.683284262065581682e+00 3.068760767932932217e-04
2.697373829973799708e+00 1.531282900561070290e-03
2.706211976746003778e+00 1.135346425238357299e-03
2.714919033165512641e+00 5.931179779314044414e-05
2.735467596241888621e+00 9.807658585381617833e-02
2.738847816018296744e+00 9.878642659745405855e-03
2.769527782577338559e+00 2.789079713871153894e-04
2.772435360189724474e+00 1.465951816161357524e-03
2.793181926832164930e+00 8.561933213693965008e-05
2.796188117802419715e+00 2.141476690604239878e-04
2.805062245900126872e+00 5.586262992415117249e-05
2.809527023268311829e+00 3.667001354478944869e-05
2.827516056100391584e+00 3.813748927479155757e-05
2.832358730063966323e+00 5.819195866201535726e-05
2.838330363800453338e+00 1.137632365003934453e-05
2.873591080164543676e+00 1.223288250391435289e-04
2.892339214855640162e+00 7.657940925958399924e-05
2.910186121861499053e+00 5.799930047934646211e-06
2.983729111389799016e+00 1.125518792026301056e-06
3.155804753016488551e+00 4.953116540648912387e-04
3.165252862665782541e+00 1.087947672743301303e-03
3.191785099801548231e+00 3.800656152806587392e-04
3.256874446826142577e+00 1.510090338249706128e-05
3.272704129777674442e+00 1.887053288929887068e-05
3.295476594760725852e+00 4.315162732246615879e-06
3.346208664111368414e+00 1.708259482088444214e-05
3.359544854063035046e+00 1.092931577627203124e-04
3.420473171874363949e+00 1.535227024166571962e-07
3.436590635288758300e+00 3.063409740450703881e-05
3.438262629471289689e+00 1.336634541054211508e-05
3.542727905121348719e+00 1.492626368267174784e-07
3.557291156345377292e+00 1.692586168904677089e-05
3.595960028739705105e+00 1.080825821951241411e-04
3.602282011707676368e+00 1.900897731308357483e-04
3.663837577282731406e+00 9.663954338097277975e-05
3.665095072189603620e+00 2.136928362376978483e-04
3.833454728992180094e+00 5.728531033936901131e-06
3.895970857272626375e+00 4.164962459282266677e-05
3.946819978201851598e+00 3.428028045977523906e-06
3.956774643129055136e+00 2.566655287730648270e-04
3.975511064945728812e+00 7.300819697123216091e-05
3.984980410300779763e+00 2.774987563256042962e-04
3.989815956748845149e+00 1.110968617175410271e-04
4.020609128438242585e+00 5.037910375638836313e-02
4.034187168374343102e+00 4.117054935757949842e-04
4.068687703339103123e+00 4.530430474107135852e-05
4.090124834093941786e+00 1.236417076510734452e-04
4.124730648156538670e+00 3.450663650021388169e-05
4.147546577247393174e+00 9.599051915798366122e-07
4.725892123223720098e+00 1.043361535175428876e-04
4.742318328688657658e+00 6.851169940395674199e-05
5.189328574744557443e+00 1.541230897374120702e-02
6.176791642179495945e+00 2.283619600476077469e-03
