-6.308592979932432954e+00 9.878974527399986532e-04
-5.366014536352829545e+00 6.598542749176293694e-03
-5.028600944603664580e+00 2.204399833428655198e-03
-4.916792341589578008e+00 3.591158825686185767e-04
-4.680932709911607148e+00 5.691913674848422854e-04
-4.561859892105523784e+00 9.816224291450163721e-05
-4.366777925242023350e+00 4.849200522799293131e-03
-4.303222993027695509e+00 5.991219099776675441e-05
-4.213803271259335403e+00 1.702031691515520147e-04
-4.203502085124203091e+00 9.245801142322256083e-03
-4.167753414959390668e+00 5.540604106981149822e-03
-4.141200099698093773e+00 6.199541678598943133e-04
-4.111055883090655172e+00 1.921685659599043586e-03
-4.061994529402781495e+00 3.609939268769134821e-04
-4.024077633801806719e+00 1.281123966873799888e-03
-3.962025936350455080e+00 1.233714010653886748e-03
-3.881264382973046434e+00 1.078315827757661506e-03
-3.837871328277452587e+00 4.978953474447236427e-04
-3.767193285041412931e+00 1.664534308823945648e-03
-3.757985655999894536e+00 1.392607087719838037e-03
-3.731555935786222022e+00 2.277340987991906263e-03
-3.721696602753392646e+00 1.229740091485801790e-03
-3.680209984897472086e+00 6.071131569636603305e-04
-3.637118321506882079e+00 4.127565698155977723e-04
-3.615679434073073573e+00 9.376948403402910436e-04
-3.584321247996093973e+00 6.328439752060502571e-04
-3.532585291926333415e+00 4.995907258659794707e-04
-3.500869019917033587e+00 4.907420132935449335e-04
-3.469454337797303278e+00 3.839234377131450977e-05
-3.430613065091561165e+00 4.872634359937571972e-04
-3.400440437488325696e+00 2.155993554204498634e-06
-3.381674502556227146e+00 9.761512568126443643e-04
-3.326107624743329438e+00 1.481225355021971099e-03
-3.295980872205836132e+00 3.547171030788776264e-04
-3.280967971977273745e+00 5.555906189867393179e-05
-3.253197550398697846e+00 3.217805290932059057e-03
-3.208363193794278700e+00 1.019973140640816241e-03
-3.172434348026391238e+00 4.492941791687798405e-04
-3.155964477009487013e+00 2.276048337262092519e-03
-3.139477403368343911e+00 6.349397568901779444e-06
-3.097075332957660354e+00 3.622865088960388279e-04
-3.058994632227731714e+00 1.778402890748795307e-04
-3.031273780091894743e+00 1.065231797345179499e-03
-2.997965188026997740e+00 6.585510577968557385e-05
-2.989680816505824623e+00 2.443894579473189759e-04
-2.973333685893792655e+00 3.394328207843171660e-04
-2.968447434499019266e+00 5.249001194150919834e-04
-2.956632705103560355e+00 1.151209594596508032e-04
-2.919884440595286623e+00 3.943768097728918981e-03
-2.910121853953180349e+00 4.610934876419450919e-04
-2.897530087966449841e+00 2.349277963089671257e-03
-2.876865932298164896e+00 3.075465819759996312e-03
-2.866010291902150620e+00 1.175569478443319691e-03
-2.855967114658938932e+00 3.649603417203334775e-03
-2.833215897844434839e+00 5.854041887806069912e-03
-2.823222069701323722e+00 1.459380702889809429e-03
-2.807552956482789241e+00 1.010351144655641416e-02
-2.791249297303725729e+00 8.706772466249347066e-04
-2.773537772068046081e+00 3.235558963871876768e-04
-2.742110084589843400e+00 8.425746716272783723e-03
-2.728504427942315846e+00 5.035229595438386538e-04
-2.717890696553875163e+00 8.213669506659592801e-04
-2.701851732483670165e+00 1.527097655798355337e-03
-2.684357489571163935e+00 2.029349240351784652e-03
-2.660266816884990337e+00 1.703485834410779374e-04
-2.643971606824355725e+00 9.711757339228197731e-04
-2.625469510242760318e+00 1.232431062704568295e-03
-2.615594530860312350e+00 2.428342565673893632e-04
-2.602359527937535777e+00 1.831388314541604985e-03
-2.586882105513498953e+00 1.400221366923687285e-03
-2.579972291197435208e+00 5.972538004653789399e-04
-2.561810946746572171e+00 9.492467886701646011e-04
-2.552746376288403507e+00 1.814516368862198340e-03
-2.535627528110833584e+00 1.825434931807840000e-03
-2.522306651019443624e+00 2.539129534146138773e-04
-2.503149539908697374e+00 1.823811550566209862e-03
-2.489552085770300849e+00 6.092408088258525816e-04
-2.479610201029273764e+00 1.403749913889190866e-04
-2.465283336106960377e+00 1.923586424587958241e-03
-2.459110840758895744e+00 3.966613600495746787e-03
-2.430427635030095512e+00 2.214172095346561304e-04
-2.425028917565746678e+00 3.129396379304951381e-04
-2.415195047932222394e+00 1.263867647565337623e-03
-2.404388291851013992e+00 1.616355951126199810e-03
-2.399067980062261629e+00 2.465279026287849951e-04
-2.382089401785540517e+00 7.169557981187418003e-04
-2.379943826560979581e+00 4.412225733514586073e-04
-2.361961292864830586e+00 4.014334839873990170e-04
-2.353333839365398195e+00 2.341856740017896911e-04
-2.339738329569821751e+00 1.513039186012944887e-04
-2.328866063482235571e+00 3.735792326877247424e-04
-2.315442611356731462e+00 3.587697678027567511e-04
-2.310642455616666702e+00 1.270290120707447167e-03
-2.295809588542247148e+00 8.872584568817376105e-05
-2.287863921769830000e+00 4.009490515615441505e-04
-2.274637090083938773e+00 3.451414428271279205e-04
-2.271388498053716898e+00 2.469016388930946786e-04
-2.246297528034448376e+00 2.036789984000093650e-04
-2.239049323256935509e+00 5.863701512932629773e-04
-2.228092771363252567e+00 4.229546497484731879e-06
-2.210706097035606277e+00 2.396604289243190963e-04
-2.202913949385001402e+00 3.688358804024557199e-04
-2.193817072486754505e+00 6.074679456671944947e-06
-2.181411469565301964e+00 8.137413353121247870e-05
-2.166047254577895043e+00 4.412314160426764834e-04
-2.162452456090623976e+00 4.711535713573308798e-05
-2.154912543929383695e+00 6.734749350372648156e-04
-2.138545219045644430e+00 1.802609589352899321e-03
-2.129857763054953335e+00 5.778380105140145783e-04
-2.128334246086153847e+00 6.364708174896229072e-05
-2.115575308847848390e+00 7.290488952287592231e-05
-2.109911964382350291e+00 3.078341922699545630e-04
-2.104354305197172259e+00 8.867312496931150116e-04
-2.099385183690464451e+00 8.106383839714604482e-04
-2.082272644248815752e+00 1.037427517343656982e-04
-2.065160671652868984e+00 1.125710402917554093e-04
-2.064761264421100861e+00 1.704084893762979611e-04
-2.052014795940750869e+00 6.527835546730570383e-04
-2.048785256835935265e+00 3.623123449430608735e-04
-2.032936763051725215e+00 4.388648108870161894e-04
-2.027404825726272897e+00 1.348557041421972363e-04
-2.013882385829818489e+00 4.885419230356268785e-04
-2.009602228547330061e+00 8.881743597794636378e-04
-2.000902695198472525e+00 3.863628428552145621e-04
-1.998902289522593412e+00 5.124512706340348799e-05
-1.989315270777492373e+00 1.841094740767946212e-04
-1.984670308270109373e+00 1.252166524999801524e-05
-1.975904784021239813e+00 1.960403055464781470e-04
-1.967576864470689912e+00 2.435315228086778160e-04
-1.958518340056530249e+00 9.689011367971930654e-06
-1.948842456122966027e+00 1.685223095385051219e-04
-1.938280699229691706e+00 3.890875216293034826e-04
-1.926434074368830629e+00 1.657180791757583446e-04
-1.918784308429065888e+00 6.745068071891955393e-04
-1.911697661420458161e+00 5.166790135979495123e-04
-1.904134735110692311e+00 4.331761162505366638e-04
-1.897162742831555171e+00 4.663554123342299683e-04
-1.889189452372515454e+00 3.701533593851829272e-05
-1.878178692691713225e+00 1.936770613848948165e-04
-1.875473520049886655e+00 5.114651234909943365e-05
-1.866732347122844970e+00 4.263089365660901152e-04
-1.857264651536517208e+00 9.623721319725410167e-05
-1.853586653511485993e+00 1.072995967434079470e-04
-1.841520156908876160e+00 7.021729768304094598e-04
-1.836221310983231270e+00 1.005504856988420062e-03
-1.829134671247349964e+00 1.716033722294275823e-04
-1.817025146945744574e+00 8.557613437790278902e-05
-1.814334737918890994e+00 3.418372849961715109e-06
-1.809552345718369537e+00 9.854144143238089803e-04
-1.797045352911358584e+00 2.027331918110438262e-04
-1.794925964525052819e+00 5.863185988108837244e-05
-1.781999458574843764e+00 4.132250027223562778e-04
-1.776405311237133411e+00 2.585186483313208741e-04
-1.770620568717549581e+00 1.067204135146441113e-03
-1.761448483199796300e+00 3.189322617597050184e-04
-1.755789419752238345e+00 1.589004994665031093e-04
-1.748040014386702090e+00 1.855383342357258590e-04
-1.739306033584135491e+00 2.940615248348522567e-04
-1.731286028719340564e+00 4.899724800894124290e-04
-1.725533538816454326e+00 1.963861555214502913e-04
-1.723288857436057642e+00 4.609180502035874868e-06
-1.712376081412801732e+00 9.134724206833573154e-05
-1.709556844203248716e+00 4.660448204056577277e-04
-1.700290880293297668e+00 1.344021083402929459e-03
-1.695340226373551751e+00 8.369119067828076385e-05
-1.685901682083223996e+00 7.590003600506587387e-05
-1.680629427220917016e+00 5.300282260593359518e-04
-1.670854351331829024e+00 3.291799433784032549e-04
-1.667181726418270671e+00 5.684255821768437406e-04
-1.661372704915932808e+00 7.035504786338936389e-04
-1.656500816344600224e+00 6.136067108859816384e-04
-1.644906412661956807e+00 5.500686362871242460e-04
-1.637576579413495992e+00 8.737972707862425460e-04
-1.632232501029835525e+00 1.792294264300141446e-04
-1.624851972123631638e+00 1.291032082989306082e-03
-1.621551306186576280e+00 1.145355549153603695e-03
-1.610665084467101327e+00 1.614345794720696038e-03
-1.607303682118391475e+00 1.415826281548969543e-04
-1.599937372155666004e+00 1.516169849281299954e-03
-1.593007275402987588e+00 9.826619682717883941e-04
-1.584909602619661406e+00 2.838642598673646450e-05
-1.577852812424445972e+00 1.168418316478733986e-04
-1.571611841506284080e+00 9.854562057938794949e-06
-1.565925352191726461e+00 1.083215801302922672e-03
-1.556632236020014659e+00 3.514741528966288460e-04
-1.550847465080642529e+00 3.156065440652115707e-04
-1.542190106995243504e+00 5.157947179308569911e-04
-1.538553556798388566e+00 3.177145248027896541e-03
-1.531088754845509214e+00 1.589279048967213342e-04
-1.525017150422713907e+00 1.036298750413620516e-03
-1.520857359347962845e+00 3.392619075045734314e-04
-1.515924754811632802e+00 2.668049723808818899e-03
-1.509869769533985995e+00 1.374159714571182621e-03
-1.501126107098291307e+00 4.757868230880596384e-04
-1.495359364066572772e+00 3.592411902355498047e-04
-1.493393900097475857e+00 1.132672319622721885e-03
-1.482981415537625303e+00 5.331182344471488291e-04
-1.472109755382528196e+00 2.063836323472056748e-03
-1.471512040884619177e+00 1.235177330632110078e-03
-1.463671834274022032e+00 7.748481377782463504e-04
-1.457334707765475912e+00 3.517721093185267574e-04
-1.452743073745431879e+00 7.443504767820258855e-03
-1.447736635990795051e+00 3.882867111450440372e-03
-1.444642447307344035e+00 1.679813995286295490e-03
-1.438589653089448639e+00 1.108009805589773569e-03
-1.432267284792471784e+00 1.310331415702956732e-03
-1.423927631869863042e+00 1.729833696970151796e-03
-1.419473364702471985e+00 4.060810687869093917e-03
-1.417418995867969711e+00 1.000667549116449236e-02
-1.415054234241351683e+00 3.027928312682515773e-03
-1.400335115176966738e+00 1.896269427511957381e-03
-1.393210140613162729e+00 7.523728580295004900e-04
-1.387548393818588188e+00 4.195716186642072372e-05
-1.380894745402175383e+00 3.231533859795567183e-03
-1.378207901069832042e+00 2.603666026351861805e-03
-1.372620848076007150e+00 1.632052822884027784e-03
-1.365463340453781704e+00 2.095214269274627093e-03
-1.355671043890450456e+00 2.475286172469700566e-03
-1.349439358923917531e+00 8.676033788881396067e-04
-1.343552331782263520e+00 5.577728623589454275e-04
-1.340548918900026365e+00 1.164672715740727596e-03
-1.336077957670669170e+00 8.831592318609809414e-05
-1.330862850953174359e+00 7.287781135429941843e-06
-1.322104995245338754e+00 2.487142863468565766e-04
-1.317672491024440173e+00 3.272532480763808409e-05
-1.312332463771884061e+00 8.833912813580271808e-05
-1.307852445976786404e+00 1.774452087553272668e-04
-1.297768615419263805e+00 1.329092129304402289e-03
-1.293388640643540199e+00 1.023150954652265673e-03
-1.289211392257546551e+00 6.669133171286501524e-04
-1.284666558589272256e+00 6.371615745842193631e-05
-1.280797395784555315e+00 4.882732526299372010e-03
-1.273269941768112368e+00 8.677546130535887829e-04
-1.263849620096204163e+00 1.105252060796070362e-04
-1.262429376839483641e+00 1.313401201546336760e-03
-1.256227041431642100e+00 1.882022446495434063e-03
-1.251074499172328380e+00 6.850828342709754885e-04
-1.245900620069934295e+00 1.735596476557523210e-04
-1.241761164719758836e+00 2.186685986385331765e-03
-1.234935819380870825e+00 3.944181823074767901e-04
-1.228180766300332571e+00 1.405104637085325280e-05
-1.222005156385026936e+00 5.029059755477558553e-04
-1.219364763510021543e+00 8.793313732398771163e-05
-1.214050293432903160e+00 1.765442770436196924e-03
-1.206482638771446458e+00 9.142871138155561107e-04
-1.203943403041282334e+00 1.249791193483225360e-04
-1.200190233662706385e+00 1.020406236578274062e-05
-1.193221709625786886e+00 1.760687396413049451e-03
-1.186304401944871856e+00 1.528608012003987741e-03
-1.180832222858940739e+00 1.814816745937739820e-04
-1.179297445203567385e+00 9.300521954416941925e-04
-1.170790085405736924e+00 2.558733664203485391e-04
-1.165434059152306467e+00 2.447089181118284273e-04
-1.161897439916123931e+00 9.161842949106966750e-04
-1.157009149775005463e+00 1.728149875247358101e-03
-1.152164465438123786e+00 2.381900735809002649e-04
-1.148932485036616935e+00 1.106215169632321013e-03
-1.143867790068995527e+00 6.076391908826716355e-04
-1.133394383228038205e+00 1.182691686807369044e-03
-1.129041460755422221e+00 2.962410103015391204e-04
-1.123238980330860670e+00 3.328759617762394878e-04
-1.117576375547880030e+00 9.266937275759532877e-04
-1.114599888980971620e+00 6.781560322986070026e-04
-1.109646575746074504e+00 2.077453718083056497e-03
-1.102423440308974101e+00 8.959982391956568346e-04
-1.094551450627518463e+00 2.421525349391338779e-04
-1.086481137014303933e+00 5.310291589561955377e-05
-1.078945530640530670e+00 1.318724009429303110e-03
-1.074109260498639529e+00 4.398979279954868984e-04
-1.066091813793866194e+00 2.408288537488764236e-04
-1.060430002703206975e+00 3.257496609538411522e-04
-1.055249005745373170e+00 1.844644891567201895e-04
-1.049848838031334886e+00 8.373729180599177922e-05
-1.044073368718269501e+00 1.746877979455770211e-04
-1.040970854278369773e+00 1.094187525837320157e-04
-1.034365552884271899e+00 4.955924821873635994e-04
-1.027866309065609274e+00 2.471207021381100020e-04
-1.026046860373910574e+00 1.840892115413347288e-03
-1.021345381593063095e+00 6.771479587750628285e-04
-1.018328517140036471e+00 3.440308433302222764e-04
-1.010999331059546869e+00 7.929762987433915209e-05
-1.005493904645272218e+00 8.254178430925022264e-04
-1.001412271824197342e+00 1.020008372062049121e-03
-9.977988391893247710e-01 1.323108004813760208e-05
-9.946706678182740680e-01 1.850049463477402764e-04
-9.855095689562427541e-01 5.989628196887854776e-05
-9.814857886139219945e-01 3.879565794312585182e-04
-9.779138702757745882e-01 5.348064425610622079e-04
-9.737748019612121331e-01 5.351706020748737492e-05
-9.662364614492201520e-01 7.474625334739873773e-04
-9.625220155205149730e-01 5.338902406114643187e-04
-9.593650505718308574e-01 9.932887550261453318e-05
-9.550247178298237882e-01 9.178353669912868440e-04
-9.498854423362258492e-01 5.943682242936558719e-04
-9.426745054768409515e-01 1.900911426703334262e-04
-9.407273824065722767e-01 7.006995562783754081e-04
-9.363307683260473357e-01 2.674878743595322144e-04
-9.306568981236802429e-01 1.285019714252136748e-04
-9.248089697831733957e-01 2.358756933147072409e-04
-9.192668522137639187e-01 1.926209632854824496e-04
-9.130274989908047090e-01 8.960465195217899061e-04
-9.072791930974337671e-01 7.370933803711417816e-04
-9.047834002377460605e-01 9.565432464248808464e-04
-9.016833657841596406e-01 1.164446316297115179e-04
-8.951357472578074237e-01 1.152527373774472526e-05
-8.892162876290073958e-01 2.913779244306938105e-05
-8.860495029096056019e-01 1.153754966318026707e-04
-8.828988191116542428e-01 5.888081474594112903e-05
-8.749123726624594699e-01 4.120986187551343798e-04
-8.734408424273809590e-01 6.934480322705123718e-04
-8.655087586687058021e-01 7.159771807430321058e-05
-8.598199939338625475e-01 8.014321288670236401e-04
-8.563398001466709930e-01 1.319788374470385028e-05
-8.489950944543744882e-01 1.784945689596371780e-04
-8.427770151801118326e-01 3.241893989442449987e-04
-8.410063453793619193e-01 4.858337191926337460e-04
-8.348471881570402875e-01 2.143018371836780882e-04
-8.294735471971492746e-01 7.811645400744527063e-04
-8.232782860358471844e-01 2.511491219591951746e-04
-8.209184480470711476e-01 6.495294535599166561e-04
-8.148082048833060753e-01 8.199506733409005687e-04
-8.131889762412167766e-01 3.564671263708355225e-04
-8.038002926887449773e-01 5.769267715852939874e-04
-8.030647943642710285e-01 1.484987585021073364e-03
-7.965790615578972611e-01 8.390492578351892573e-05
-7.943347555944174632e-01 1.422595871041712088e-04
-7.890083663239595424e-01 1.756988160496830145e-03
-7.836878147677579509e-01 7.831015844237818524e-04
-7.790343052240242816e-01 4.207983048216785375e-04
-7.738666250788924783e-01 6.025680213267385469e-05
-7.693162372745990796e-01 5.221304861394431441e-04
-7.658626989165695509e-01 1.828661587867972272e-03
-7.606588693572058357e-01 2.333926087069831002e-03
-7.552886327065770899e-01 4.084597310562192098e-04
-7.533872189544899012e-01 2.813508268248960742e-04
-7.451422748234958204e-01 4.181154554052851960e-05
-7.432170147900534207e-01 1.026262017041067566e-03
-7.385733131541669660e-01 4.095354394761144642e-05
-7.316406803964112804e-01 1.049753015682050090e-04
-7.261428026968983485e-01 1.759373383041158473e-04
-7.225599501439819994e-01 8.634423410718911800e-04
-7.195205529574167924e-01 3.601457607240717500e-05
-7.152363378306632047e-01 1.242441353505489366e-04
-7.110189536932699506e-01 1.005131012391195501e-04
-7.073594250232801972e-01 4.177121157898549056e-04
-7.024723914791247692e-01 3.965672731985830728e-04
-6.991014658039672591e-01 8.067721286710867858e-05
-6.974084306957264445e-01 1.089720111601197002e-03
-6.930832138593125968e-01 7.932139381096908639e-05
-6.887903925515836967e-01 2.394549010089444031e-05
-6.821099958641908545e-01 9.001029042112070576e-05
-6.769122434808361177e-01 7.199856960923920867e-05
-6.719573353573988772e-01 6.237724933450900172e-05
-6.694395894470912545e-01 5.937573211733869044e-05
-6.656705912714673268e-01 1.230909970609506642e-04
-6.583224838421710690e-01 1.992550507598795512e-04
-6.564120793027361511e-01 1.810421561833244308e-04
-6.506934528659993333e-01 5.158079694087076752e-04
-6.471015246751398164e-01 2.942682760469518262e-04
-6.450660356084507718e-01 7.603487297032006603e-05
-6.401520716315226567e-01 3.696163296967276213e-04
-6.338432632998426408e-01 1.039905492822024548e-03
-6.308919138515480807e-01 2.419374816977241461e-04
-6.283986264940113475e-01 6.015224734832301268e-05
-6.251426900711121171e-01 2.930217600729757214e-04
-6.214166243522352140e-01 2.116799818804717149e-05
-6.174265389924024072e-01 2.196132351644406139e-04
-6.101151714561681150e-01 1.913661998092743748e-04
-6.089336867920792651e-01 5.723585502085697563e-06
-6.042361811856055143e-01 4.042866771319863578e-05
-6.003617027792282901e-01 4.009461052619012525e-04
-5.914274029543225009e-01 4.438712788020706020e-04
-5.877217676652490841e-01 4.264217885482168922e-05
-5.867834689339251897e-01 2.072566137189155066e-05
-5.795752456621432458e-01 7.355856672698476105e-05
-5.731562728836943066e-01 7.206022960857288886e-05
-5.695980511852858363e-01 1.648626016651601254e-04
-5.659221348279853681e-01 1.710014627481739517e-04
-5.621091100484947312e-01 9.299972514399038168e-05
-5.565918885581244702e-01 8.360567218712487367e-05
-5.559778757534417082e-01 2.907445880714313474e-04
-5.506085062598622404e-01 6.263690969778759989e-05
-5.451858064230338252e-01 1.100223941054623739e-04
-5.431180197050524683e-01 4.238055858382599415e-05
-5.373921963181306216e-01 2.165020557849355986e-04
-5.271256627438125619e-01 5.383208062167670212e-05
-5.260113196619869980e-01 1.902387850274812431e-04
-5.229092588402131092e-01 1.332181740761883030e-04
-5.168135558330025914e-01 1.417095241972610694e-05
-5.113659810921014071e-01 1.682032736173816431e-04
-5.076636599836364949e-01 1.152744190531078823e-04
-5.051153142979074584e-01 9.031389722060438044e-04
-4.987015742994686529e-01 2.256919648730413327e-04
-4.966136206582955626e-01 2.101390776895514627e-04
-4.928188102718081831e-01 2.015548978430209068e-04
-4.870533272039924699e-01 2.127321768230535227e-04
-4.855820695956914457e-01 9.594513884213700999e-05
-4.810909658855518356e-01 3.980002599575336599e-04
-4.742298769320827390e-01 1.748835943391743647e-04
-4.694380394106983934e-01 3.195908711157446777e-05
-4.670089122376922530e-01 2.346049330462870075e-04
-4.630337757407885779e-01 1.984174680937728574e-04
-4.596349400693839904e-01 1.264242463115282291e-03
-4.531613587408260813e-01 4.452937500182027977e-04
-4.467721592474644954e-01 5.582782495284217394e-04
-4.433651183377961824e-01 2.995282463960573347e-04
-4.397127149617765518e-01 8.958995894348305029e-05
-4.383944429436347767e-01 4.604211725143080979e-04
-4.346731337780497251e-01 3.030961009929331864e-04
-4.277613387202514050e-01 2.054968669396773262e-04
-4.241760290770131836e-01 3.784447662649494657e-04
-4.197716547973155965e-01 2.678420521885648453e-04
-4.147407634473178617e-01 1.036297731557114571e-04
-4.093822089898996874e-01 1.206253688236727387e-04
-4.037886731568319787e-01 8.423159053015526643e-05
-3.993078860393045049e-01 1.318855466439375693e-06
-3.925264520732618112e-01 2.714438220986242116e-04
-3.900934386280880406e-01 1.191955088347148141e-04
-3.868920008060564020e-01 2.678708785009804795e-04
-3.830559072708395463e-01 5.374581483675449104e-04
-3.788752570190666580e-01 1.671947799434054724e-04
-3.766979206580267636e-01 3.719880016720162073e-05
-3.693334015205777532e-01 2.907450667853725429e-05
-3.654541849550058119e-01 4.231778723637419034e-04
-3.611460353031887838e-01 2.560479442499892034e-04
-3.587050458020614174e-01 1.606796999267662556e-04
-3.531083513028387966e-01 8.493441440810679908e-05
-3.524288311944527852e-01 1.512281054770071972e-04
-3.480288999221821111e-01 1.500197402858922534e-04
-3.446013999810769168e-01 2.639828169076125809e-04
-3.388908857515473549e-01 3.325128155364291639e-04
-3.351306978321249574e-01 3.005126761709803304e-04
-3.334481481875966047e-01 3.806159646461287102e-04
-3.300377085840531244e-01 6.039490423699183383e-04
-3.253544652675935400e-01 2.427978733374371988e-04
-3.220678283830956667e-01 3.266749734708658168e-04
-3.165164580598035515e-01 6.566971781104274800e-04
-3.073997933793346515e-01 2.044663812824763392e-04
-3.055311240484992474e-01 7.761859081618055665e-06
-3.025019441725735336e-01 1.102835922675220144e-04
-2.987268567942666375e-01 6.981378256457668576e-04
-2.950227073818824652e-01 9.091634945141585135e-04
-2.929193023059190049e-01 8.297886811375033652e-05
-2.847004814586804877e-01 2.438526572675806079e-04
-2.828975806915045021e-01 3.057226235223447293e-04
-2.796038606887819578e-01 1.225714843109829762e-04
-2.740154661090860588e-01 1.913829186850879958e-04
-2.724403206794351884e-01 1.889822035370751616e-04
-2.683658545322172850e-01 8.730455971498860717e-05
-2.639608264018915018e-01 7.369652501561283311e-05
-2.615357206490058206e-01 1.426705797307746852e-04
-2.568515460040851073e-01 7.194264855017399728e-05
-2.490085647504624022e-01 3.521607650699141220e-04
-2.473789824978926966e-01 8.520794183576930640e-06
-2.437288118722650554e-01 3.998852227028300245e-04
-2.393416635778256862e-01 3.963293092289737189e-05
-2.349674543179213204e-01 3.235786733308108508e-04
-2.291871865811953013e-01 6.972030326397750508e-05
-2.225575404214409081e-01 8.028337842223501200e-05
-2.196054985886095046e-01 9.992347165512849901e-04
-2.164299914208978048e-01 2.226107396023509297e-03
-2.106292283404437304e-01 5.683368820934649093e-04
-2.069505387567556198e-01 1.765344282376590281e-03
-2.019818304709553036e-01 7.287384994367185863e-05
-1.980184475251653697e-01 1.595187626255256718e-03
-1.941567405784045963e-01 4.547073486886514613e-04
-1.905250173211156806e-01 1.068524570439503526e-03
-1.878000022056563190e-01 7.776192447361610343e-04
-1.837925944711659709e-01 4.915272431187788643e-04
-1.790849460601642851e-01 1.379416364706487512e-03
-1.778518847352378585e-01 4.332873384004687529e-04
-1.738558407762590408e-01 9.393906665620915634e-04
-1.657572028777697104e-01 4.086097570671960331e-04
-1.610973725722857353e-01 1.377883557238943134e-04
-1.566243529472554075e-01 5.235283501228963864e-06
-1.527984709966560828e-01 6.439311853008755941e-04
-1.474982567265241684e-01 1.713868036174936510e-05
-1.457748376147241509e-01 1.437466190859367193e-04
-1.398634174862447288e-01 4.878730904905111306e-04
-1.392888241337050248e-01 6.013206757984064076e-04
-1.377830293906400771e-01 9.178288998007062566e-04
-1.332674100631522085e-01 8.346255870763154576e-05
-1.291035234328002379e-01 2.165061058636009431e-04
-1.245426804134675547e-01 4.077405367254190150e-04
-1.221479385351715574e-01 4.841264218164921421e-04
-1.175752762042600597e-01 2.478542760421271877e-04
-1.098294870991544381e-01 5.319790629089253802e-04
-1.083881715547709845e-01 1.242483272309106155e-04
-1.048872223063004178e-01 2.195772572278172478e-05
-9.887478445534031435e-02 5.111600779117373696e-04
-9.549525321155012680e-02 3.056897803473214762e-04
-9.193792448780124804e-02 2.714990326627892726e-04
-8.500037948861562109e-02 7.182914699813230762e-06
-8.261959964701234838e-02 3.845649182874766032e-04
-8.030412830009775460e-02 3.293995465031199612e-04
-7.662572974461465125e-02 5.141684495118449701e-05
-7.078859224153552510e-02 1.157248332393269420e-03
-6.785252583128595361e-02 3.033127266021825273e-04
-6.491164314419872738e-02 9.463452056078325379e-04
-5.990231849511644391e-02 7.251708665236626357e-04
-5.741807685218583424e-02 1.857851994778075659e-03
-5.426337359619655409e-02 1.049967698600071195e-03
-5.042345482408938651e-02 1.669919647193398877e-03
-4.585665240891234617e-02 1.477829058013135151e-04
-4.232348303357234831e-02 2.504393973096245667e-03
-4.031500180545257578e-02 2.911628122732565519e-04
-3.489614612407947181e-02 4.176411014772534423e-03
-3.461192687155796588e-02 6.587039819114854549e-04
-2.530246721818115926e-02 1.657848547261207665e-03
-1.982916200441835197e-02 1.736119115895272272e-03
-1.882102612185486759e-02 2.050412749407805552e-04
-1.624776744152057334e-02 1.839432275836081626e-03
-1.100260152236520739e-02 1.671405945639590227e-03
-7.510939659526500584e-03 6.382157194234144241e-04
-6.541284408269093520e-03 4.678441410625268360e-03
-3.182134591031782200e-03 8.012280688503233038e-04
2.337773758525063528e-04 2.270492455024396023e-03
6.867522333810950272e-03 9.206886761022960207e-04
9.649255737103849123e-03 5.392339058096885275e-03
1.310091507165817709e-02 5.300205649606283802e-04
1.526158921565782048e-02 1.010508770004135996e-03
1.884465418168271289e-02 1.018850050476006498e-02
2.265131324733438145e-02 3.254203531796617376e-03
2.655280300682928696e-02 1.289339788911181414e-04
3.122417237877536320e-02 1.962667840641332557e-03
3.456875721956298442e-02 8.409800883203564148e-04
3.910341658005848237e-02 2.847354777696659424e-04
4.365850778858122033e-02 1.434406977761596130e-03
4.449001521991023667e-02 4.077237697897098667e-03
5.351773914201599092e-02 1.501458645241259460e-04
5.619946733637123243e-02 1.226434571096959858e-04
6.352648443568592596e-02 6.765882157568194142e-04
6.574829981600531503e-02 1.655930177453632419e-03
6.839069137309927715e-02 5.649280666641647713e-04
7.103557749568227553e-02 6.497996336226344533e-04
7.264067133667478915e-02 4.767857790793977521e-04
7.873004159876342833e-02 4.599630121055469853e-03
8.325556293860905677e-02 2.459867674937869070e-04
8.472061028173460961e-02 6.908455790668648153e-04
9.004016514365364987e-02 1.138315381350460094e-03
9.421369391589376474e-02 1.745016284723401164e-03
1.005179319881685518e-01 2.973518094071641834e-04
1.008936844321021015e-01 3.215242638003808521e-04
1.065779589813476841e-01 1.199955005705699991e-04
1.110714928582327288e-01 3.655917578058723999e-03
1.156521694139130418e-01 2.341281155332346502e-04
1.217170681631844220e-01 8.601686806288462743e-04
1.232802495297102563e-01 1.420760156841886345e-03
1.282235206997695831e-01 2.128262120440797893e-05
1.320404641318171923e-01 1.096592447426700690e-03
1.382868735812128880e-01 1.065514283183477580e-03
1.404480542185878034e-01 1.560452881963147412e-03
1.433080780957698419e-01 8.003736901008953221e-04
1.457856457664059024e-01 1.750734419372039800e-03
1.504120111237098878e-01 2.420907245000767857e-03
1.562320726906015200e-01 1.204474273404470587e-03
1.570481465596264281e-01 4.506945120948043513e-04
1.632702410029012730e-01 1.539267977736308508e-04
1.676284927155870519e-01 6.569920912430448181e-04
1.707970468731626057e-01 1.599286251721035185e-03
1.744992285685960098e-01 1.321043277806859591e-03
1.802823954487036695e-01 1.405060901254831908e-03
1.830247523969429357e-01 1.228526049203620529e-03
1.843687405347006480e-01 8.611958740950807507e-04
1.913645036201615801e-01 5.094292471750806869e-04
1.940707867017797961e-01 5.470097842690289447e-05
1.987798005849679417e-01 1.515580191554882512e-03
2.004336784829151008e-01 8.106979715690899174e-04
2.054488961463152297e-01 9.261409904104628363e-06
2.085622263787750008e-01 1.233569670911574675e-03
2.094850821030387333e-01 9.287980566583430497e-04
2.120109669872343450e-01 1.319109173786831121e-04
2.173625528601424994e-01 4.878163632367223503e-04
2.187602698699160353e-01 3.211623673379375194e-04
2.252453197859579370e-01 6.164553964889586549e-04
2.285683772022511495e-01 3.471625185988371290e-03
2.305889438209645370e-01 1.155464677350138145e-03
2.367277797008099371e-01 3.588219739227516353e-04
2.416733648317728189e-01 2.332862242875966517e-03
2.452642286470822219e-01 5.002882869044326030e-04
2.481046478956622503e-01 1.470952679683805312e-04
2.500420699470831676e-01 5.714511107953764010e-04
2.564886253864671062e-01 1.741568664906129483e-03
2.592401334384877853e-01 1.572847646141246891e-03
2.622688494937056580e-01 4.427440293249004333e-04
2.649057466361300905e-01 7.376117221221786726e-04
2.719827226809684584e-01 9.603869374048210061e-04
2.737468299657292436e-01 2.009753805364381820e-04
2.774497999824014904e-01 5.972727430508066989e-05
2.832313483097608220e-01 2.596909417320803024e-03
2.859975230293058668e-01 1.046869789786048378e-03
2.900536191760976212e-01 8.957446887133150779e-04
2.953985787813868114e-01 2.647586341964306702e-05
2.999264640579944463e-01 2.883105691362661737e-04
3.074011681019406805e-01 3.781556460661715524e-03
3.111795578670516482e-01 1.532450766737771669e-03
3.145903206095669868e-01 4.875074155612376899e-04
3.208448514581098698e-01 3.196755887660379897e-04
3.229806576124837902e-01 1.468481243743227312e-04
3.255797771163760901e-01 5.014621789766630434e-05
3.263907475449621121e-01 1.136978376046330220e-03
3.321051215935590939e-01 6.728178949205627099e-04
3.365594188421004440e-01 1.138201276316660668e-03
3.398415041779513923e-01 2.582574777855339192e-04
3.461840947619681530e-01 1.558130594675972289e-05
3.493094743163838167e-01 7.071438298486449085e-04
3.549011031070228306e-01 1.378446576512257823e-03
3.585180636829052858e-01 1.266748583002076677e-04
3.624956918516009097e-01 2.597690548281952330e-04
3.700872980809519208e-01 7.341428628654036049e-04
3.743052602660872918e-01 3.662916242003345208e-04
3.762905718263527266e-01 6.796416593494541926e-04
3.793721197591652938e-01 1.892818524713304378e-03
3.806874659831584462e-01 1.186697227835311176e-03
3.863922624292047692e-01 9.434436293470460210e-04
3.891020299642821700e-01 5.337842461418170360e-04
3.954298145000241793e-01 1.352789382662476704e-04
3.971206384668113376e-01 7.390718288713436031e-05
4.022992057200180938e-01 3.016578948278981825e-04
4.039472407611443550e-01 3.267513953937200601e-04
4.095466570888803837e-01 1.852165488378353781e-04
4.110045553160475151e-01 6.356923150666883267e-04
4.164272912958956185e-01 9.064563602785394335e-05
4.210048550076717633e-01 2.785525335616504815e-04
4.281273690239065788e-01 7.649692731006041977e-04
4.331106320709895430e-01 9.609115019687616171e-05
4.366145110554692788e-01 3.429374885942150270e-04
4.413694769058250089e-01 7.655247351928919823e-04
4.478392094267089618e-01 4.450495519314792399e-04
4.526521555886239279e-01 4.839600225663011308e-06
4.572879456406120369e-01 4.509365812422720665e-04
4.603463825791244135e-01 7.069676872539334186e-04
4.622232991166722038e-01 8.086340420718225307e-05
4.703048869961720113e-01 1.692490621542934361e-04
4.744504960023145923e-01 3.665517362386306699e-04
4.786246534186726076e-01 1.067653999226834309e-03
4.818992592257085317e-01 1.296768647055444282e-04
4.849049451772065034e-01 2.038410071192121691e-03
4.887901868425156282e-01 9.585946237967464664e-04
4.944792965840623111e-01 1.504119886373078772e-04
5.013515219879499663e-01 5.686768996019699041e-04
5.079184463115001824e-01 3.488646122721794076e-04
5.110605354490832530e-01 1.296962977091959996e-04
5.170630654768038070e-01 4.304326245448854277e-05
5.199677742278436821e-01 1.227116490408881302e-04
5.256615380251621339e-01 3.269013521066470003e-04
5.310406271586518567e-01 1.408643714340388387e-04
5.355680363687035372e-01 3.137491596631763373e-04
5.393350817911659600e-01 1.631458878158701753e-04
5.440559989789116591e-01 1.453524939714562984e-03
5.475014466053337303e-01 8.450887698359251746e-04
5.509862304696989677e-01 2.715034330003514816e-04
5.540407736686280282e-01 1.360821896688165465e-03
5.589696685629017558e-01 1.992214569860605608e-04
5.630961114115005106e-01 2.599277662385091861e-04
5.664083926199264818e-01 1.017702479299128972e-04
5.742505737174364855e-01 8.151554767129242599e-05
5.768374165877744320e-01 2.617162409941677635e-04
5.803638918818532222e-01 3.667768357238745166e-04
5.876810293003442709e-01 2.292619512517583250e-04
5.976698990839229841e-01 6.221788178195741380e-04
6.010279957528722461e-01 8.342878740430556409e-05
6.059203403749020556e-01 9.807075551784966207e-06
6.094544544565188016e-01 8.198621651250948363e-05
6.131621689140607234e-01 3.684876721519011111e-04
6.189526441456791872e-01 1.903681810507064950e-04
6.268426896222510925e-01 3.230384244781272824e-04
6.287840953459747917e-01 5.232352357336496828e-05
6.348205865304632489e-01 7.016841964748574871e-04
6.379066086423202941e-01 2.398260099263433783e-06
6.428096233746317667e-01 1.194251798294466245e-03
6.486613641172368494e-01 7.907495584386279555e-05
6.558081533747409653e-01 8.696554332149624797e-06
6.598542014574589887e-01 2.274481089315793006e-04
6.624155010450603065e-01 5.719236762544555432e-04
6.669116503031446985e-01 6.921529784367537604e-05
6.728122668296065978e-01 4.402940125549278916e-04
6.759651387091282215e-01 9.088458500702717457e-05
6.807298619215591540e-01 1.566360547725602218e-04
6.902612996095741638e-01 1.825242371131670621e-04
6.971290051889388328e-01 2.251832916355302075e-04
6.987874575874055694e-01 1.046486052958747612e-04
7.017246213200776239e-01 4.228130070525410247e-04
7.082079682762465467e-01 5.161076193612107801e-05
7.118200653076924844e-01 5.207646601331322430e-04
7.172230727098344305e-01 1.211636533587042957e-05
7.244078727912452997e-01 1.669731780911828890e-04
7.297550848545043545e-01 3.583433477723223411e-04
7.361903779293231809e-01 5.608987961277238132e-05
7.403807253143982470e-01 6.665760136149787962e-05
7.428301071827950741e-01 4.816712167515520943e-06
7.473803474524309820e-01 3.675438157964451434e-06
7.534710735403057358e-01 1.834540713323749254e-04
7.568286826702154135e-01 1.447855885162508728e-04
7.597413430831525538e-01 1.708321890119881561e-04
7.684691603142088656e-01 2.415037605942209147e-04
7.738914778216051671e-01 4.132271420749186898e-05
7.790650622041256357e-01 3.397439986944963400e-04
7.817435176489592186e-01 3.736986580153563945e-04
7.858283950110860339e-01 1.512409265470423191e-04
7.912605951274420679e-01 3.609744855799388512e-04
7.935253225919853826e-01 5.702724526528783903e-06
7.957174462854985642e-01 2.755916246051758468e-04
8.046008397923726241e-01 2.825437936900316747e-04
8.115122968663929237e-01 1.715833102420262154e-04
8.160958728550690156e-01 2.664762871787423491e-04
8.189420265707340052e-01 1.900283520710690935e-04
8.230763285577790134e-01 5.499853689493504956e-05
8.305555055049103075e-01 1.542396653703493920e-04
8.383466738209801594e-01 1.100772604803522094e-04
8.428089206223695617e-01 3.692494950051697627e-04
8.478131564655775332e-01 6.559116622355662320e-06
8.534353002912103969e-01 1.234852119705293462e-04
8.572585197243728361e-01 1.608475051339702832e-04
8.641889558696043139e-01 3.926852149967165412e-04
8.707149915056209277e-01 2.124822498980669303e-05
8.750746589390017149e-01 2.881361679281862023e-04
8.801057415418348517e-01 5.923948573108576472e-05
8.862440316729808254e-01 3.814318566691204623e-04
8.895860221060492012e-01 9.648662360449386012e-05
8.923729835126386067e-01 1.599694918384602337e-03
8.964263303926444104e-01 4.001182964230699109e-06
9.003221817654708525e-01 7.153961199653668295e-04
9.064608921933094976e-01 3.074541333819102404e-05
9.099052492175084828e-01 3.409874576837916972e-04
9.140491535834062153e-01 1.581974561206947046e-05
9.195937372625072603e-01 1.119909244703510371e-04
9.225128778857649703e-01 3.347030764214706434e-05
9.256689376513383971e-01 1.008679811688497404e-03
9.308803421063180927e-01 3.030800526043244186e-05
9.349714398863462339e-01 6.831443997993203896e-04
9.417210243605729225e-01 2.231345652761114505e-04
9.468958081110655511e-01 3.041649877892615159e-04
9.520140753362874575e-01 3.040675759667949701e-04
9.572628301063625944e-01 2.391992186484507698e-04
9.637142632680433252e-01 1.013006448106622010e-03
9.679449819411843903e-01 6.341766653497317658e-05
9.691810946632807289e-01 5.649432996171981731e-04
9.780300292351540303e-01 4.402607057423472557e-04
9.812204544662962435e-01 7.857082999455365137e-05
9.889900085122720341e-01 3.699766923468319341e-04
9.963228030921960077e-01 1.264408928958843728e-03
9.999286031114075213e-01 2.665240458142154024e-04
1.006188572825702510e+00 6.738404409411826411e-04
1.013738172796156967e+00 1.121591547777828159e-04
1.019608030655914099e+00 2.589477482653470219e-04
1.022234085445053786e+00 1.340537933596818712e-03
1.027120728916425918e+00 4.245256553638274209e-04
1.031592333184293109e+00 6.233940958534773787e-04
1.037665367873134903e+00 5.620255794768841883e-04
1.041028785476951546e+00 4.542467721074967406e-05
1.047425722031462447e+00 1.089731895272953678e-03
1.051880537120097880e+00 3.348979847403728109e-04
1.058059908818636652e+00 7.091344669140043852e-05
1.062190864349955799e+00 1.757489343425348318e-04
1.068005053426026141e+00 7.110822172279313144e-05
1.074764008202477417e+00 2.751268819476370407e-04
1.080184681400730096e+00 5.003447255823418281e-04
1.086386847363431940e+00 1.248458245057399699e-04
1.090180229810310486e+00 2.230641543848236956e-04
1.096244536557350990e+00 4.629331640480653415e-04
1.103772930665023466e+00 1.299767024551353204e-03
1.113775060205213885e+00 1.248868532636781886e-03
1.119495162214922956e+00 4.826234086869553752e-04
1.126400783992743015e+00 5.020063339116307311e-05
1.129340561296211298e+00 1.690959372060319311e-03
1.136031872510632423e+00 5.999090952062697667e-04
1.139342054583845298e+00 1.818496233814561691e-04
1.149521599616644796e+00 4.697234479600140419e-04
1.155796057521834008e+00 1.622859178347088984e-03
1.159438458272179950e+00 4.807519488442310151e-04
1.163913788274494765e+00 7.480080130689822958e-04
1.168258135429971256e+00 9.417903085369813037e-04
1.177664132967737087e+00 4.718477379323614404e-04
1.181369524702274187e+00 6.635503322705920640e-04
1.187755415528354064e+00 1.084508368020282270e-05
1.194161526156544806e+00 4.510378184937998618e-04
1.198457145143708935e+00 5.181696068220693376e-04
1.203371684727258417e+00 1.512118100841523512e-03
1.211373824145631106e+00 1.152581800119337934e-03
1.216443415183151355e+00 4.844754774455844776e-04
1.221982680786234399e+00 1.349883309523104234e-05
1.229279260645220528e+00 5.956687307774183315e-04
1.238235230684717081e+00 1.761020808484925081e-04
1.246838870287233725e+00 2.564407119772181640e-03
1.250568376968710149e+00 1.884675706881029720e-04
1.257858860754920816e+00 3.845932811851888165e-04
1.260376869785352794e+00 2.334633871863159922e-04
1.267882842091574647e+00 1.928382441229078200e-03
1.269652562372742821e+00 2.494773345237601570e-04
1.277447116540817884e+00 7.619667116031929722e-05
1.279710803966241262e+00 5.400989154066139324e-04
1.289554721754607503e+00 9.580566361720198928e-04
1.295031865283565509e+00 1.254859577617851432e-03
1.298409080085948464e+00 3.385376044937639926e-04
1.306401185188653669e+00 2.763625364975707014e-04
1.311280282167595068e+00 1.139313302066030046e-05
1.315449848035655567e+00 9.796020394650579478e-04
1.322235081052230310e+00 6.398657919959145840e-04
1.329217748723230619e+00 3.721408977629497806e-04
1.332629430541215632e+00 1.994394250998672395e-03
1.338882046505659895e+00 2.258390332717503165e-03
1.343581996807375445e+00 8.430204859236151366e-04
1.347864912365090095e+00 1.097534180301178988e-03
1.353318231036406472e+00 1.052716335806834795e-03
1.357012820200123260e+00 2.923053863732965035e-03
1.361136772525557870e+00 5.670291740193366282e-04
1.373158566018940485e+00 8.356711226869528979e-04
1.378092147522256727e+00 2.797729890235305713e-04
1.382731556530757633e+00 2.166846842671670773e-03
1.386626841735677518e+00 2.672174125432793743e-03
1.393580387329224735e+00 6.066044280668293331e-04
1.398998889538076718e+00 1.029592972711221429e-03
1.404028616542239094e+00 5.698556480078129614e-04
1.409192886563112035e+00 9.102786886990912874e-04
1.413347831836416102e+00 1.904665908029592645e-04
1.420987922882573473e+00 2.108064483930673083e-03
1.424238023551705812e+00 1.886104975885274492e-03
1.429430108624325069e+00 1.921941796530599001e-03
1.432802986574864157e+00 4.886489807366259722e-04
1.442777322939125639e+00 4.045244529678966084e-04
1.447108335290607783e+00 6.427434251390860809e-05
1.452539894256475783e+00 9.196201361895113904e-04
1.460310650568074964e+00 1.932889811588140022e-05
1.462816263419593810e+00 2.393678755084787876e-03
1.470651957188527703e+00 2.277284747115200948e-03
1.478419124576459520e+00 4.500796848683080893e-03
1.485839543631431559e+00 3.388018961229115420e-03
1.491566620594032555e+00 4.502807169718820758e-03
1.495145215828084906e+00 4.819281689941735600e-03
1.498099306180312729e+00 2.570468924904361664e-03
1.504862763898193956e+00 8.235865046547753915e-04
1.509250709299740700e+00 1.317855191089203643e-03
1.515884594911782735e+00 2.562591687717610204e-03
1.524008355854474139e+00 1.434053454874258463e-02
1.529525386074791271e+00 1.995712741951473097e-03
1.536452125137348634e+00 3.221346160814436352e-03
1.547080732760452992e+00 3.363373356021804282e-03
1.549246928797828993e+00 1.857805246206765612e-03
1.555407685288564990e+00 1.133831531003785505e-03
1.557140602883082980e+00 1.320666020388501722e-03
1.570281326951740164e+00 9.163233040076381028e-04
1.573330711493077017e+00 1.275011361077702345e-04
1.581603177857403342e+00 9.961656352962814515e-03
1.586826956194151039e+00 8.987030768966069658e-03
1.591330041286071806e+00 1.283502118269510055e-05
1.597627233193683827e+00 1.956385449501333446e-03
1.604642795241418618e+00 1.919289624481958787e-03
1.609512552946414932e+00 1.135708465313861040e-03
1.616168216695611726e+00 2.019817410995216299e-03
1.620210389559019415e+00 5.647401632216041481e-03
1.624258184261905935e+00 1.319070833180205696e-03
1.633174821981692837e+00 3.989420060922277238e-03
1.643066060025096142e+00 7.378193020990971669e-04
1.649611639766625393e+00 1.099277532533788617e-03
1.652397090208880703e+00 5.334796435039384013e-04
1.662355414439879775e+00 5.787479405591155167e-04
1.669601006394455078e+00 2.578698247325524680e-04
1.681420269714459348e+00 6.597948017037988389e-04
1.684436590221062957e+00 3.641807252156543202e-04
1.691931011168722021e+00 4.042704028039734209e-04
1.697267443459197667e+00 2.326344110877749682e-04
1.714512005883207957e+00 4.681787244066909666e-04
1.718874058484287870e+00 1.814386010596255094e-06
1.725850568530639562e+00 4.478408648033794831e-04
1.727844105604038782e+00 9.893036610835001955e-04
1.739766012845768595e+00 7.100749405269348358e-05
1.744404960561626527e+00 4.005874210843025094e-04
1.754313995412455363e+00 3.593912010600922155e-04
1.759034619549624701e+00 1.903543101573962131e-04
1.766829083843966863e+00 1.709682864977033704e-03
1.773304357191478386e+00 9.034446670473082503e-05
1.776298750544824223e+00 1.791226297779601687e-03
1.786113533273300469e+00 1.216766201821159812e-03
1.793836378219172856e+00 3.472318785015884608e-04
1.800464163726006372e+00 3.875234622496871423e-06
1.804109227102161039e+00 2.001754711384321958e-04
1.812494112261850088e+00 8.982727314752164249e-04
1.816831694644469808e+00 1.231591380189193691e-03
1.824543041766404583e+00 3.891140825547694459e-05
1.836888171670475023e+00 3.737943090155351582e-04
1.843880577141367105e+00 7.109945859339183581e-05
1.846206832254974728e+00 1.382953249404663071e-03
1.855804892427018515e+00 2.585327572287767633e-04
1.864814005419685783e+00 1.211636888078093000e-06
1.872804027656495895e+00 1.124954542037354078e-03
1.881471228521004013e+00 3.250541808599489470e-04
1.886292175300058549e+00 6.819844552991274553e-04
1.889981698829557022e+00 1.073785994622524160e-03
1.898998973085113562e+00 4.151529779959136597e-06
1.910964926381557794e+00 2.638992124922010830e-04
1.913649391892866092e+00 9.308757709881518554e-04
1.922457751270519211e+00 6.319460062539374555e-05
1.939589437727667232e+00 7.004615009684589508e-05
1.949404061471895266e+00 4.282462311428605678e-04
1.949926174768120468e+00 7.044726578979611530e-06
1.961327380583002267e+00 5.816106914363534681e-04
1.970719931075073816e+00 8.476225891409852405e-06
1.982436805346327047e+00 9.872594026180790824e-05
1.990112338031400974e+00 1.014648129664871552e-04
2.008895352242982213e+00 8.647348352107973922e-05
2.024114300992644555e+00 1.455432273887332891e-04
2.030237018039154684e+00 2.681140449810908615e-04
2.041809159970446430e+00 7.514529587091240250e-04
2.053224927325313587e+00 8.268600163886199615e-04
2.058475145942136653e+00 9.809720673224255061e-05
2.079267079941800489e+00 5.081041664200936338e-04
2.088598801300872498e+00 8.760690822612984309e-05
2.092612461187671080e+00 3.203529157984056817e-04
2.108396633348502913e+00 2.988239628354203694e-04
2.114224128090655075e+00 2.449374822153031457e-04
2.119344931872622517e+00 1.301141907226660566e-03
2.125626751523316038e+00 8.238531143043437014e-04
2.143058809153984168e+00 6.459214178320150652e-05
2.146358957487704444e+00 1.230546406110943341e-05
2.158482747105257005e+00 1.517745514612375531e-03
2.172618436369641248e+00 4.200288037581392797e-03
2.174358787758921441e+00 1.239806675429440657e-03
2.184600512819061535e+00 5.415474918877530471e-04
2.201646132425103985e+00 7.647557638855344633e-04
2.203979784683103293e+00 7.837667227147531454e-04
2.220570492581067867e+00 1.098492328742063043e-03
2.247330896062005756e+00 2.821921261921577113e-03
2.255600367919148308e+00 2.988435404550283253e-03
2.261009088585958615e+00 7.175669580662194513e-04
2.276386086541510423e+00 6.492928275405444351e-04
2.289425898229721312e+00 4.235797709465642695e-05
2.312453896866615732e+00 8.938556756668570311e-04
2.320914190925405407e+00 2.599615117094927178e-04
2.335414072919181905e+00 1.036884921594148938e-03
2.350551719340503887e+00 2.608132283288536277e-03
2.353971377819520594e+00 7.784133538304871427e-05
2.362045771072564637e+00 5.448765304876207558e-04
2.371355026771954311e+00 2.599495335297120967e-04
2.378423001310954188e+00 4.237068058256488151e-04
2.389512493611555044e+00 3.000626239682224424e-04
2.399825438197089156e+00 1.411847909377873713e-03
2.419739641689258924e+00 4.171803170404156223e-05
2.427378834050406997e+00 2.740026038035034764e-03
2.438696091167859237e+00 4.084529965828444936e-03
2.448641208027257932e+00 1.992907938245653513e-04
2.464702596507344801e+00 8.769742932288846242e-04
2.469848594907773087e+00 5.679991615960066709e-04
2.487674590753911730e+00 4.592256508395575493e-04
2.491343706577409112e+00 2.238327437776922892e-05
2.511007407072334274e+00 1.355247283083939498e-03
2.521739293134002580e+00 1.170712846065488470e-03
2.545269255752586890e+00 2.061585055674168023e-04
2.553339787780441572e+00 1.503290407572980148e-03
2.567201768728626377e+00 1.147296103653515148e-03
2.579828276540997223e+00 3.188950653371201835e-04
2.588100635226088020e+00 2.484983818849990922e-04
2.607339082954357679e+00 5.203402808484743547e-04
2.618351529974413339e+00 1.911662210385058937e-03
2.633777362860842075e+00 1.195673798821562245e-03
2.645412214087103919e+00 2.573115986709523608e-04
2.659059329298429475e+00 1.757012778835684384e-03
2.668719530276399965e+00 5.186816573300021731e-04
2.693355720692507393e+00 1.865878640538265291e-03
2.698047786847034057e+00 1.450627959855583593e-03
2.717582170035212741e+00 6.951602816610783636e-04
2.739897462189146538e+00 4.903059145232707130e-04
2.751334814295244513e+00 4.940907094890397647e-04
2.764456872591322778e+00 4.598735310034871861e-04
2.788320314474232120e+00 3.536914977344986352e-04
2.806058902544821265e+00 4.006847174821351852e-03
2.838508574312232025e+00 3.067246145927125887e-03
2.846730664494735663e+00 5.248904776772738562e-03
2.852268396062235034e+00 7.401063819620989990e-05
2.867329065438791957e+00 2.097209883019630124e-03
2.893067697209758649e+00 1.633821131827776054e-04
2.920760982119642968e+00 2.662124914176264637e-02
2.929365070196654486e+00 1.210305057127915133e-02
2.949558072029802247e+00 4.176559155198622010e-03
2.963817855041579463e+00 1.186350395068894344e-02
2.988168396244443414e+00 4.859592701300680974e-03
3.003333712150658030e+00 1.675428206995233853e-04
3.018403001981057709e+00 1.266818560508934689e-03
3.025524125641385620e+00 1.585837385799043200e-03
3.039289455421666730e+00 1.586161891604024330e-03
3.064156057917941212e+00 9.680371496442149223e-04
3.099661537444809767e+00 3.019610148786629981e-03
3.117928376918069233e+00 1.090313291460326449e-03
3.136931589911148066e+00 1.951199192968689237e-03
3.158663354722648364e+00 4.876717683506419104e-06
3.171738516050265133e+00 3.377811142155553591e-04
3.209810169039576166e+00 9.956328061100523912e-04
3.242999572960790999e+00 1.392395287349718720e-03
3.299578256218911321e+00 1.821642703304244973e-03
3.315257844948918731e+00 2.189693503781797029e-03
3.332476802242364755e+00 5.027438954877573238e-03
3.368397760996202805e+00 7.230998689587341205e-04
3.393185019745150299e+00 2.622205407247010702e-03
3.416294732474632667e+00 5.346338247684675679e-03
3.463445396820857169e+00 3.256324444482319985e-03
3.492141330604056293e+00 2.060890694755164161e-04
3.534059481360630528e+00 5.464524724054813294e-05
3.582453743413664071e+00 1.888589886384956949e-03
3.603545408585507204e+00 5.720869343990945275e-04
3.641964603581079984e+00 4.569021838471909675e-04
3.696357253080266858e+00 1.491148567718471492e-03
3.788993908714767045e+00 3.151396612751638376e-03
3.823013230617037905e+00 6.978778703371871532e-04
3.857475962561913718e+00 4.338118653776767281e-04
3.902926030126755208e+00 2.922989703888280747e-04
3.942612054978887670e+00 8.113416457717061115e-04
3.977531197370613114e+00 1.165047349459229133e-03
4.029414904112202933e+00 1.944196345421415244e-04
4.084617505461050513e+00 1.251483588113686722e-03
4.144967921811959499e+00 5.674718709362759541e-04
4.162724792167331600e+00 2.254723187067893871e-03
4.221344253112157219e+00 1.342528502865866780e-02
4.251479631313111796e+00 5.736464027816523537e-04
4.286442947080411514e+00 2.843457147707691840e-02
4.347995956603936563e+00 4.153443324766790436e-03
4.390490119591586193e+00 2.553708930503347570e-03
4.450385860308067265e+00 4.052165528929142606e-03
4.552389910468114920e+00 2.238097607172042335e-03
4.635698008712951790e+00 1.023373999202711838e-03
4.706611001951358730e+00 2.299573961609540328e-03
5.055738385557832615e+00 6.074879588322749501e-04
5.155671797141796020e+00 1.221974379485205216e-03
5.480815726243953634e+00 2.675746571218516612e-02
6.552595926846059626e+00 6.639882839579312052e-03
