-6.897699807623151713e+00 1.997936056681132080e-03
-5.858663120151837767e+00 1.171068816818723705e-02
-5.553263648800972341e+00 1.532666353749856630e-04
-5.356436159585499013e+00 2.901096290779841321e-04
-5.252501008479072198e+00 7.829595509278488696e-04
-5.094787853517985354e+00 4.380768019536341131e-04
-4.872667241298440644e+00 6.104312226377077866e-04
-4.720244145343766462e+00 7.927083712284586914e-03
-4.681404763819298154e+00 9.917405314115394083e-03
-4.630819678541682194e+00 7.746320595232751224e-03
-4.569754790015432278e+00 3.647982376796575846e-03
-4.498205228411070067e+00 7.170715952121165795e-04
-4.413432190973852087e+00 6.848149499197978842e-05
-4.349660707581969987e+00 2.654413894698235202e-04
-4.318197864535576080e+00 5.929072156913554490e-04
-4.304326274314994372e+00 8.674517196412773277e-04
-4.266415014538690542e+00 2.085890680983516017e-04
-4.228609157920026007e+00 8.105960416786668274e-04
-4.204085833534552563e+00 1.245599581932679140e-03
-4.144575135228755869e+00 4.121113847248521807e-04
-4.112324801032636756e+00 5.724948789719113394e-05
-4.087716240712597759e+00 1.523724254397265795e-03
-4.069749081079769404e+00 9.841460609532571777e-04
-4.026508540647124157e+00 2.965591864108664565e-04
-3.981740707203742069e+00 1.632428919886881298e-03
-3.945234229379240176e+00 2.455361342585139165e-03
-3.927572771467261692e+00 1.591460780481484399e-05
-3.891183541932113243e+00 1.723215115312159290e-03
-3.821321009150006276e+00 1.163972091126641486e-03
-3.781455936684195773e+00 3.113977690906062808e-03
-3.746080705627748308e+00 5.065061245938259167e-04
-3.717864203436046289e+00 4.736526185244706528e-04
-3.678347694065925655e+00 4.488506978067455765e-03
-3.653358756719160993e+00 2.633211061282826029e-04
-3.609748453840359250e+00 1.595875672894332339e-03
-3.588067099682207495e+00 4.074255275925032648e-04
-3.540107210295970308e+00 3.945811077764593833e-04
-3.518856186855251256e+00 2.173448155794365985e-05
-3.483442791954876494e+00 1.116758521449037408e-03
-3.475333622569763747e+00 4.209871464979801962e-04
-3.455260459244422044e+00 4.016041055791404950e-04
-3.439875816528525032e+00 2.788380492548197349e-04
-3.406137402549545889e+00 2.347321204313592498e-04
-3.379116141242785254e+00 1.161246867674066170e-03
-3.356759012809512832e+00 1.626685458238524601e-04
-3.316725685921719791e+00 4.806887834716725783e-04
-3.293319031334966951e+00 3.959664032466030624e-03
-3.251128386097462020e+00 1.324518529433260823e-02
-3.235292267054052040e+00 1.652800044587168435e-03
-3.214241880552572539e+00 1.491570518101830757e-03
-3.196721235312981690e+00 1.402999624806138294e-03
-3.181337796050737854e+00 3.094615744077468147e-04
-3.134701070668634237e+00 5.581868383492836691e-03
-3.128965363692104429e+00 9.660517625605291234e-05
-3.120963355349043677e+00 2.373221340202806041e-03
-3.098146032611940104e+00 8.435420678303134369e-05
-3.074361450296405618e+00 1.398362875612691510e-03
-3.057626222985751152e+00 1.368405061276729189e-03
-3.035566417144312190e+00 2.648102016537296974e-03
-3.022184480937032180e+00 2.230981176984482995e-03
-3.006498571377449913e+00 6.923877370692514818e-04
-2.997275088756851780e+00 6.137417461036081753e-03
-2.989743204571563950e+00 2.215184737906773262e-03
-2.959503055272406868e+00 2.720044433831893173e-03
-2.947301562088684879e+00 6.793819611419680063e-03
-2.925282751526242286e+00 6.736376151504368161e-04
-2.912517584914187996e+00 2.304819970926063125e-03
-2.907138558281775254e+00 2.206872482323160329e-04
-2.891582549933125357e+00 3.997240496251748890e-03
-2.863644282560775522e+00 4.467110499115925721e-04
-2.853701204835220828e+00 4.149232337020180086e-03
-2.838593334186558792e+00 7.413263389357237221e-05
-2.823342830131556624e+00 1.772593827999256440e-03
-2.814538106594482336e+00 6.153146228310148961e-04
-2.792821847229479459e+00 3.637829492844883044e-04
-2.786425989709512052e+00 5.904172393761973397e-04
-2.773180455309453230e+00 1.267146423761238150e-03
-2.767346756754417214e+00 6.047236996129507191e-05
-2.750383433003433353e+00 7.091833745174382780e-04
-2.724742799207279909e+00 1.306240153017196532e-03
-2.718105775575627270e+00 6.930028437256670944e-04
-2.702303192029006595e+00 5.999702184660688880e-05
-2.687518988616622195e+00 6.486599054815323081e-04
-2.669811423536891049e+00 1.024670608366897318e-03
-2.661947071976528356e+00 4.881294664185700685e-04
-2.641645155112542831e+00 8.289105486719752346e-04
-2.629825459918416541e+00 9.803315415480499777e-05
-2.618490364621615996e+00 2.285833349488923831e-04
-2.611283357550165718e+00 3.794488967149524036e-04
-2.605650142151750615e+00 9.147948073138582035e-05
-2.591552813182753212e+00 2.472440236209890959e-04
-2.570857050740384508e+00 1.796432125021788428e-03
-2.566455910729624534e+00 5.852892827045231075e-04
-2.546468774898669629e+00 5.537914206528182667e-05
-2.531735818180477438e+00 1.133361504718643446e-03
-2.523089015333556340e+00 7.198459962819209928e-04
-2.508076493678588648e+00 1.537301291800870445e-04
-2.503233376566047497e+00 3.537995470696666590e-04
-2.490527383874907130e+00 1.834751943370946598e-03
-2.476079494267906966e+00 1.936305650667167263e-04
-2.468141921323192989e+00 2.533237532938248469e-04
-2.456664659596804690e+00 4.916588751818148917e-04
-2.446311819195438275e+00 7.530567366204655739e-04
-2.431753895664395593e+00 2.335274253913343560e-04
-2.422090507643483548e+00 1.061084701532480335e-04
-2.413804099690983307e+00 3.056993396738853341e-05
-2.406118184998761400e+00 1.066485143752576295e-03
-2.397578044733793767e+00 5.178383655741698244e-05
-2.384628317782996554e+00 1.246722176056316682e-03
-2.377881504984798333e+00 3.094002888718332318e-04
-2.372138601851229822e+00 7.124197410639354199e-04
-2.358213789586834253e+00 9.349067458513730640e-04
-2.345658365048145289e+00 1.838160739323794601e-03
-2.342817700561429461e+00 7.119844518734597713e-06
-2.330801712291864725e+00 2.397760030659351496e-04
-2.322177375343489558e+00 2.195309929582577469e-03
-2.314906822655007801e+00 9.557440186209048289e-05
-2.306954844350857847e+00 6.782313028694268362e-05
-2.302363774274870600e+00 5.188163557781951679e-04
-2.287465898333103986e+00 2.984245582497183579e-04
-2.277016645645500326e+00 1.234329781020424813e-04
-2.270475743011162617e+00 3.024819535789307766e-04
-2.265976392860549637e+00 2.615136134710459369e-04
-2.253981642935917407e+00 1.031435625599787557e-04
-2.245988252572699295e+00 1.517026564593565788e-04
-2.235986017666913739e+00 1.147784426326995544e-04
-2.227517807394373328e+00 1.492584926888829936e-03
-2.214539801649734407e+00 2.232053633126470518e-05
-2.210903970714795275e+00 1.093519534324456958e-04
-2.195920828246154421e+00 1.503567425182912999e-04
-2.188207798172374652e+00 1.042049418654792444e-03
-2.180559555620824597e+00 3.014217636194041049e-04
-2.171064788121700673e+00 5.918828449253899301e-05
-2.162291563947235318e+00 5.387043050512544231e-04
-2.148513296272223982e+00 4.210429290879711339e-05
-2.141470060159400113e+00 6.520485715754056465e-05
-2.133014996591531265e+00 4.536662462176170715e-04
-2.119217610438720811e+00 1.070571679668464338e-04
-2.113970431685557649e+00 2.691231268980596785e-04
-2.105927983609737986e+00 2.879475475197165084e-04
-2.093521050459949073e+00 1.105110817769932441e-04
-2.084416205900789798e+00 5.539900462944363562e-04
-2.078314029700569776e+00 4.235670624278838449e-04
-2.062446040342285958e+00 2.723334535346439594e-04
-2.060482237174538156e+00 6.811106095492129326e-04
-2.046253763910046430e+00 7.695555060262755697e-04
-2.035241113169487193e+00 3.870424394254459396e-04
-2.027526326176761096e+00 1.274186585759053906e-04
-2.024893099657044893e+00 3.938048183351709882e-04
-2.012224559022827819e+00 6.172914191160469049e-07
-2.000928167143712244e+00 4.076239977346507817e-04
-1.994099944426062976e+00 1.877476138761067029e-04
-1.984051374681336632e+00 8.692684035022051449e-04
-1.980781734865293853e+00 6.276376248510005936e-04
-1.966185412981728220e+00 5.296261130490659589e-05
-1.958141164211697038e+00 1.842172742671763003e-04
-1.950841122679727313e+00 1.146456922375336363e-04
-1.941022080651020554e+00 3.752080764247692668e-04
-1.937699143198629903e+00 2.593439919391237630e-04
-1.929269002519802045e+00 4.681773905224063644e-04
-1.926929166291138307e+00 6.006188084191914540e-06
-1.912967780653377137e+00 3.613661708902690672e-04
-1.910057363697758248e+00 1.009718672013309608e-04
-1.897936588802590308e+00 3.252307132245068808e-04
-1.892167448221932169e+00 1.309026375868731348e-03
-1.881977603242903641e+00 8.327107982163765832e-05
-1.872092304824472642e+00 2.442729653873559068e-04
-1.863367242391070544e+00 7.182424981446819970e-06
-1.859825000808142503e+00 7.477230157847991642e-05
-1.855285933410663057e+00 4.546931288653044732e-05
-1.845806041996418401e+00 5.771818066322209265e-05
-1.836161137979181568e+00 1.565892183789606082e-03
-1.829682735845453045e+00 2.713529529968515043e-04
-1.822208165113616829e+00 3.595605867310529367e-04
-1.813479524896567163e+00 2.313272723276466557e-04
-1.800475160526693097e+00 6.398894118498374764e-04
-1.798011438376037274e+00 6.702473788095442879e-04
-1.785544270427790181e+00 1.536332855880722449e-05
-1.782256723072233484e+00 2.618763615535962775e-04
-1.774743584464626878e+00 5.092332867080293828e-04
-1.763268226561347518e+00 8.245321116031015425e-04
-1.758668332910192644e+00 7.066821766161067572e-04
-1.749438654620277589e+00 2.541924062699045810e-04
-1.742523743588046514e+00 1.915731896624307297e-04
-1.731968591656861456e+00 3.216806760862172317e-03
-1.725098706502148360e+00 5.943238139264762476e-04
-1.716215056433704644e+00 3.116209960079212738e-03
-1.713299746784678224e+00 1.136698850485366545e-04
-1.705856537946668361e+00 1.037199907039222961e-03
-1.701704278042020624e+00 6.837857410151679683e-04
-1.690081493517408440e+00 6.625366169473178558e-06
-1.682901482532523474e+00 9.676739250116248904e-05
-1.676758760015733429e+00 2.723089461732957142e-04
-1.668880691710064923e+00 6.033354565773767567e-03
-1.656726384303128352e+00 4.412133042699917761e-03
-1.651569297365697020e+00 9.140243320919210629e-03
-1.644403584930822504e+00 5.017379891013303700e-03
-1.637900405647393365e+00 2.160941588042396451e-03
-1.634076287637431957e+00 9.451723860704141188e-04
-1.627709656910077518e+00 1.277747004041498340e-03
-1.622904458644320869e+00 1.382913486728043441e-03
-1.613880377539545385e+00 1.947914777038075619e-03
-1.604016504561107004e+00 1.426220309625295850e-03
-1.602514376838776400e+00 1.029762275749136410e-02
-1.595893637961810496e+00 3.298122301407786870e-03
-1.592170580316186079e+00 6.418642718110471055e-04
-1.584803535450968415e+00 1.244181235817119974e-03
-1.582777667065470517e+00 5.928139011991346088e-04
-1.570594389490088894e+00 7.057712770531655681e-03
-1.564751532688875457e+00 3.342999236989290099e-04
-1.557750590760297982e+00 2.621475901475443186e-03
-1.544545281425925509e+00 1.814272213883133230e-03
-1.542054476699869392e+00 9.521071287175782594e-04
-1.532352464089377975e+00 5.029686908472138672e-04
-1.524906762836923946e+00 1.421095535028317751e-04
-1.517813941838203284e+00 9.120705849533002757e-04
-1.505845496966429220e+00 1.090256997478656698e-03
-1.500489026937908532e+00 1.730281579387723308e-03
-1.493421358314887426e+00 3.052966080187602491e-03
-1.489049352101219803e+00 1.415353020152815668e-03
-1.482627818177737922e+00 1.218263579605151012e-03
-1.476876832550090946e+00 1.085729879330905954e-03
-1.474385090720134128e+00 1.730677305437812973e-03
-1.468686137155165383e+00 1.200815190919311435e-03
-1.462482372474718462e+00 8.599688728664954627e-04
-1.457822196782201596e+00 1.009960226153718650e-03
-1.450067219639658234e+00 7.698140658459854367e-03
-1.441645884654161991e+00 7.289097090374924528e-05
-1.437005478353836629e+00 1.335302051245577460e-03
-1.431627767711294963e+00 8.122207555159526417e-04
-1.422518955137311192e+00 8.355406176878081147e-05
-1.418612554412113536e+00 6.389506790405688908e-04
-1.411197140661506033e+00 3.494011907090901732e-04
-1.404020840233609846e+00 8.275787711213485618e-05
-1.397023317119487906e+00 3.503058200648644593e-04
-1.392432844527095481e+00 1.434318477626630268e-03
-1.385541288706515051e+00 3.092344604836279060e-03
-1.382618132242193321e+00 2.877507946152377122e-05
-1.378660333656160919e+00 5.710443672676597960e-04
-1.375034631479518987e+00 5.428538764807254967e-04
-1.366177700820990104e+00 1.450345549914505662e-03
-1.360317200926474790e+00 1.216662998005413202e-03
-1.353417792341475856e+00 1.242125881606471213e-04
-1.349449458321887452e+00 8.871677816615349899e-05
-1.345228452546863185e+00 6.041691266993655125e-04
-1.344343509783412438e+00 8.655856113059076824e-04
-1.335826080550365003e+00 3.027690231022493218e-04
-1.330599741376529810e+00 1.595992540434908484e-03
-1.325530777252892811e+00 8.659310302902842923e-04
-1.319360368371642167e+00 8.284547868389259984e-04
-1.312477330407664233e+00 5.377102558591283449e-05
-1.304022093990540476e+00 1.203956234741052447e-04
-1.300900066718287063e+00 2.489472154319175446e-04
-1.294263864643620643e+00 7.321140472714506063e-04
-1.288381982775038459e+00 4.746487831953369937e-05
-1.279707943647739654e+00 4.079167700901163793e-04
-1.272085781087070266e+00 1.307336564298777770e-04
-1.268773065075510909e+00 5.497243911244733281e-05
-1.264274050671924332e+00 4.351692403749609370e-04
-1.260375390941810947e+00 1.013575064747118540e-03
-1.253780686772075104e+00 9.206352874017868825e-04
-1.248247828106801904e+00 1.630400800334784505e-03
-1.239616912492705669e+00 5.596485577737149572e-04
-1.234891393256019709e+00 1.962810620195562170e-03
-1.227612017475776085e+00 6.827425647526920568e-04
-1.223724718154962865e+00 1.077970967031101823e-03
-1.216689970891215111e+00 7.704075134225195310e-04
-1.209462740763293853e+00 5.056632648731898419e-04
-1.207930508740784781e+00 5.481211769998442984e-04
-1.199852827901116470e+00 2.840639602231317278e-04
-1.192206896488603673e+00 2.802942016115825144e-04
-1.190205675661726081e+00 6.091095809842864356e-04
-1.186320478201307482e+00 1.851374623488395656e-04
-1.180705092751995089e+00 6.326657590282726631e-04
-1.177090006642986353e+00 1.288967527233501290e-04
-1.173353584612879086e+00 8.711070912706554009e-04
-1.170679214436097570e+00 8.234058118813041916e-05
-1.164144249411489085e+00 1.050889479618122826e-05
-1.158497652432382008e+00 2.731374881713883067e-05
-1.154160104691012378e+00 2.047697792677041480e-04
-1.146592274097553599e+00 6.706794171067494831e-05
-1.143387879607120405e+00 3.604327992791889169e-05
-1.140066303893953137e+00 1.241162343563601911e-03
-1.130773041289918845e+00 9.551213100328589424e-04
-1.128100541726664297e+00 8.889819453714762568e-04
-1.117795831971703180e+00 1.283441200362198315e-04
-1.111162918897381280e+00 4.944438819810142733e-04
-1.106259959260320169e+00 4.438059773504243028e-05
-1.098997218490118666e+00 1.451077489683852276e-04
-1.096403509508156571e+00 5.192645765179147548e-04
-1.092326319502761933e+00 1.023174343062886651e-03
-1.085692058412560890e+00 9.601895245888526819e-05
-1.079513624311319919e+00 7.786768574102333716e-04
-1.074098571721171735e+00 1.219593523618793551e-04
-1.069131130002082042e+00 1.507093422007542340e-03
-1.062759309325325585e+00 6.511495098654806286e-04
-1.057930871912591941e+00 4.259406833830040799e-04
-1.047070290444463758e+00 2.715768258278567176e-04
-1.043202822788836137e+00 5.738975461067513027e-05
-1.030660573792228973e+00 4.384822156627729935e-05
-1.026677769372376980e+00 2.209161233318716899e-05
-1.022593718323603351e+00 4.293318698152291473e-04
-1.018681353882010976e+00 4.454973706676395879e-04
-1.017105088363853493e+00 4.813518438679559205e-05
-1.009593946562400646e+00 1.658173759994249969e-04
-1.004603128940644075e+00 1.214440033672084605e-04
-9.980284064185092063e-01 1.891684497362057440e-04
-9.909429150863153790e-01 8.702184648282754479e-04
-9.858963655660357706e-01 3.151601826322345153e-04
-9.824122267546631093e-01 4.026905795492128552e-04
-9.761722256029772282e-01 2.533042309803565178e-04
-9.691009852729859375e-01 3.163373748075649661e-05
-9.624405962324111830e-01 4.487447607291245488e-04
-9.578271076390010297e-01 5.653271450495635231e-04
-9.520492371703969114e-01 1.947504651805314008e-04
-9.494580885321535213e-01 2.192389277239278076e-04
-9.479475945932739345e-01 1.982732531344503623e-04
-9.422554847153623570e-01 9.598932417345674691e-05
-9.348197827069536503e-01 2.505510230861493189e-04
-9.332789462631044808e-01 5.835356206562215559e-04
-9.264779110652779925e-01 3.771440963371722410e-05
-9.223493461931819848e-01 3.730342633668926999e-04
-9.174521773672523750e-01 1.023396489216356110e-05
-9.090225715217497005e-01 2.610068663788769395e-04
-9.048958360760676056e-01 3.696755291289809467e-04
-8.991473273435839353e-01 4.139954854589766842e-04
-8.933647709685016425e-01 9.427390653470348861e-05
-8.870925991496968477e-01 4.356681206115101899e-05
-8.823091311850367324e-01 2.950009042341304581e-04
-8.773222763116367284e-01 1.425213843555815142e-04
-8.756910462062703626e-01 1.840774900785900885e-04
-8.667888043237423901e-01 2.875475450356733355e-05
-8.600285824678383095e-01 2.396639026363730747e-04
-8.547025482927534945e-01 1.298015343050722722e-04
-8.520707822164135248e-01 1.235649774428586377e-04
-8.459159968838830812e-01 8.828293164569246980e-04
-8.420136153400960000e-01 3.550904022940696561e-04
-8.337940705367954397e-01 8.792461716601011770e-05
-8.319908444255457169e-01 5.059845560609191518e-05
-8.268483804370989620e-01 4.632976043491833881e-05
-8.247325618260155089e-01 5.964845804466753878e-05
-8.173526394146710672e-01 1.278806533775596864e-04
-8.103819726443668436e-01 2.346482993444480537e-04
-8.062085552843497593e-01 1.500398865555082878e-05
-8.034022142428655089e-01 4.176134410233131936e-04
-7.993113664411094499e-01 1.785596302769150055e-04
-7.937926428792558831e-01 9.185611567842481579e-04
-7.864798682338631775e-01 4.376594623956806289e-04
-7.843170732578402804e-01 2.350059337810405183e-04
-7.741370383199503991e-01 6.519269791622482092e-05
-7.730497552960905461e-01 4.523998469070281527e-05
-7.676960499062637222e-01 1.019514873156877622e-04
-7.590215143254677166e-01 2.894056010934626679e-04
-7.547535245993500785e-01 2.209966910542393820e-04
-7.465309745410135811e-01 4.800698139265226032e-04
-7.428145257124381118e-01 5.785177238769168001e-05
-7.373584126747383394e-01 6.119973348514089456e-04
-7.357269439337282835e-01 1.559019072113640664e-04
-7.270568486603754543e-01 1.654052633090428699e-04
-7.243068810850212813e-01 1.982615654347172547e-04
-7.191037574249020681e-01 2.500855566893539993e-04
-7.130048435512154059e-01 9.587817432431360303e-05
-7.084047066357093136e-01 5.577142219094479098e-04
-7.027331406715200401e-01 3.077001261259468701e-04
-7.007863825818285708e-01 1.413746174833988771e-04
-6.928511989730434806e-01 2.029945571996444147e-03
-6.846035427411568675e-01 4.852594091562156733e-04
-6.828696015248725271e-01 2.265808550783631663e-04
-6.766689949706448104e-01 2.244269240333528377e-03
-6.717376167293097611e-01 6.623213681570326410e-04
-6.652012632180075435e-01 4.059842047066591431e-04
-6.594978409056189150e-01 5.102916151632847836e-05
-6.560126445672895823e-01 4.442141463269214043e-04
-6.533067720002064815e-01 3.005624329648902177e-04
-6.464815967298553900e-01 1.332162680846282743e-04
-6.394736038380693932e-01 1.832671065636427626e-03
-6.375503536092168577e-01 1.666321606463943598e-05
-6.339411646769332886e-01 8.593199647710444565e-05
-6.275106928047842203e-01 9.307624585084529835e-05
-6.210314411633651721e-01 1.826075431307333356e-04
-6.190359710039680108e-01 7.414076939271673806e-05
-6.127413705910367270e-01 1.253553046846675597e-04
-6.060038894473253057e-01 3.212188114588494011e-04
-6.017985570002212237e-01 1.137080480078987146e-03
-5.980149281062620004e-01 2.610905932774076248e-04
-5.924332900159324788e-01 4.793337679823893522e-05
-5.885082860480891354e-01 4.709081895653587156e-04
-5.829103668838790941e-01 3.590318708961354795e-04
-5.807283592292363794e-01 3.620624863025135210e-04
-5.725813358097715522e-01 5.024732446131449778e-04
-5.708662234104193711e-01 1.973659438234634132e-04
-5.635023487450291357e-01 6.889796492548509634e-05
-5.597614335647973505e-01 5.060335646182121273e-04
-5.587359872975741215e-01 1.074952901381451444e-04
-5.532638739139960071e-01 1.095188453726756014e-03
-5.451482003756420447e-01 2.333431729607447579e-05
-5.433500327143383490e-01 1.714035409980982198e-04
-5.366272950458824686e-01 1.243878475075970192e-06
-5.321258511384998613e-01 3.046838929191423087e-04
-5.302270036736628223e-01 8.144821331685987058e-04
-5.218716720011079557e-01 1.658408669766354461e-04
-5.182211405187133746e-01 9.850882084661459687e-05
-5.141928254095980977e-01 3.635266713914151490e-04
-5.053490022300395346e-01 9.740089378252994362e-05
-5.031965022694909750e-01 4.036125165473116084e-05
-4.987225012116996425e-01 1.593665169894225772e-04
-4.932722305819215447e-01 1.286435311374619066e-03
-4.881264717361764038e-01 6.031999144576181450e-04
-4.845483903938177517e-01 1.276395157639611101e-04
-4.809222432173976269e-01 2.327271248717742533e-04
-4.735152830786835132e-01 5.122216324212256996e-05
-4.691520864926764789e-01 4.824448745685695869e-04
-4.632975682130086037e-01 1.454755539164193231e-04
-4.597100402983562706e-01 1.015915886663702576e-03
-4.511299950149276206e-01 4.781539350692909189e-04
-4.463699369809031037e-01 2.776137409038572409e-05
-4.415994139803236518e-01 3.446160324988691644e-04
-4.373257561306138630e-01 1.199082329229866618e-04
-4.333270562506542078e-01 4.532013902710806163e-04
-4.289345349209865987e-01 2.651046900234916887e-04
-4.240876522873271992e-01 6.853860699678517845e-04
-4.213793358125729194e-01 3.437916491425197689e-05
-4.195753459387391304e-01 3.823070950452184648e-04
-4.150334163743486515e-01 3.396761748956812353e-04
-4.087538724934445256e-01 1.692725723279826832e-04
-4.031240286191579703e-01 7.666905631833380655e-04
-3.968805159087682166e-01 1.564066920481563499e-04
-3.945771214808713734e-01 1.321383748843667823e-04
-3.876957340499864735e-01 6.527935132455590993e-05
-3.856278317787075749e-01 6.273536654747156795e-04
-3.811288390478521082e-01 1.194643466321253673e-04
-3.778544195848829168e-01 3.919519381023265346e-04
-3.712207512231122108e-01 5.280683069364700824e-04
-3.648429590815274737e-01 5.107166364882113462e-04
-3.615501298635486749e-01 2.710551435557771011e-04
-3.588777774322964298e-01 1.018241917008559606e-04
-3.555209945811778072e-01 1.704622298622143761e-03
-3.503788444773264787e-01 7.496861874502489583e-04
-3.459410691173505081e-01 5.420936593589093791e-04
-3.402349321828903039e-01 3.694433880711870625e-04
-3.332059115790286796e-01 1.037269963249533690e-04
-3.262294756990051225e-01 1.972351921862203932e-04
-3.238710412532105343e-01 2.998425394846472017e-04
-3.217831142872371042e-01 4.744102630355277457e-04
-3.149723546276684272e-01 1.215011687476571112e-03
-3.088044095060156202e-01 1.385344196735497084e-04
-3.059572391064018793e-01 8.831207251319440074e-04
-3.028564218854036261e-01 3.797461190524177376e-05
-2.973855904618663004e-01 2.492458231949549541e-04
-2.906102536283589055e-01 2.353126760916851047e-04
-2.858940711536776536e-01 2.425988963597707339e-04
-2.802650865465547980e-01 6.223485886876421432e-04
-2.777673854917218077e-01 7.038766417832081012e-05
-2.744847941813320924e-01 3.321704096901061803e-04
-2.693348613496393540e-01 1.399450548567101682e-03
-2.658221436244955216e-01 1.419567320196866685e-03
-2.607021280122618356e-01 2.380807393074058466e-04
-2.584195535166978752e-01 3.730155398625163775e-04
-2.499233163370425670e-01 1.479049114759828235e-03
-2.490601712259688794e-01 9.476987434795657462e-04
-2.442160070208069245e-01 1.253795034076306486e-03
-2.408169378791833182e-01 5.820693346281251767e-04
-2.338722931185703291e-01 2.192298843425434171e-03
-2.313790467783069515e-01 5.347715064323011174e-04
-2.272185544963889470e-01 1.103685528765137200e-04
-2.187474242998430074e-01 1.131422439783064522e-04
-2.159595922925450218e-01 1.223622719129608077e-04
-2.112437604332734753e-01 5.445302094400029849e-04
-2.051975913753162351e-01 2.315472146151199492e-03
-2.027979282957005358e-01 7.291253554596594921e-04
-1.969738872613666925e-01 1.406742793113219519e-03
-1.940501909475262354e-01 3.053190586009540811e-04
-1.910526717736250046e-01 1.661254273137754685e-04
-1.847871503678514826e-01 5.317796000966531610e-04
-1.775755517956933704e-01 2.056265483421877498e-04
-1.728180295857157656e-01 4.873527909961759673e-05
-1.709584953480163816e-01 6.828186350750910065e-04
-1.668958593773962051e-01 6.670315132877797969e-04
-1.614660926962745435e-01 9.149043662949160778e-04
-1.578825532109573992e-01 1.157897546680135368e-03
-1.543036465401578239e-01 2.107496330221826815e-03
-1.489225315855513543e-01 5.166230946468706531e-04
-1.444835625490502595e-01 2.745904286649542177e-03
-1.388513813798567531e-01 9.723606622729999167e-04
-1.342673404926897074e-01 7.375707165588362476e-04
-1.271555982311480537e-01 7.415270594681281930e-04
-1.219413086952172431e-01 3.415353910734471874e-04
-1.191006574321524097e-01 1.351976041640432977e-04
-1.132577201099156938e-01 2.610456719782461104e-04
-1.092056036443992129e-01 1.989851186530750427e-03
-1.029320990654887247e-01 4.095722792552534443e-04
-9.987270884463678167e-02 1.731322637271883250e-03
-9.251830200027041928e-02 1.267006341538046751e-03
-8.850764810736572175e-02 3.355197397845788624e-04
-8.313004439202324736e-02 7.753511283634797547e-04
-8.007536930736208758e-02 1.090597948214429942e-03
-7.461387727654142377e-02 9.875691186095234518e-04
-7.225632849777735567e-02 9.316035179174563495e-04
-6.416167452909889157e-02 7.084433925134251439e-05
-6.089127451564219085e-02 1.137166069012268178e-04
-5.824829804778453024e-02 4.223995020297887856e-04
-5.132678643335432389e-02 5.210592664047569104e-04
-4.947338965656124243e-02 2.174735812274928865e-03
-4.411886044409191188e-02 5.426862017592097229e-04
-3.835129180620332895e-02 5.290035857755491641e-04
-3.251507431213959687e-02 1.130766741502782713e-04
-2.720983785832227497e-02 1.918901759090215365e-03
-2.576392824938897319e-02 7.851702112374395063e-04
-2.128968766248045402e-02 1.440014583448412724e-03
-1.620427046459642362e-02 1.633275837708591843e-04
-8.294226263328319249e-03 6.285232085474000787e-05
-2.624542051330518936e-04 2.036062896355320204e-03
1.751786182058512765e-03 7.855483950989087302e-04
4.435768030213848440e-03 1.428754638518802897e-03
9.057099217903208377e-03 4.794562499367112455e-05
1.335534354967497263e-02 2.241537995411918192e-04
1.755760235966806818e-02 3.762689657444130004e-03
1.918835004708737552e-02 2.128836784587647725e-03
2.408240630485165845e-02 6.719003990942657876e-04
2.765872844134362879e-02 1.952214316301475322e-03
2.919529885417140869e-02 1.161651845222743881e-02
3.660022166274323752e-02 2.635632289906626106e-04
4.441655012087429577e-02 3.133420277893256625e-03
4.746318913052118005e-02 9.878036457292489227e-04
5.149650888905185631e-02 5.529274884321016409e-03
5.561045127347387373e-02 3.360982882779388532e-04
5.795448194132437475e-02 1.817737582190201689e-03
6.144475398352042955e-02 1.804389664953078541e-04
6.975630423254219892e-02 4.037528312166345154e-03
7.206082001386029945e-02 1.372202681290259551e-03
7.557309868207527648e-02 2.151594886973457084e-03
7.984078137017501520e-02 6.026179301405360520e-04
8.524502670187013298e-02 6.197194679468447055e-04
8.628807619393874528e-02 1.627640280607635511e-03
9.525219489564303033e-02 8.339497598189265885e-04
1.000642444939571218e-01 6.152107139610399605e-04
1.027350046943778517e-01 3.105490380001063415e-03
1.063149239899391224e-01 5.329215663998668976e-04
1.136899451438951741e-01 9.320393042855458282e-04
1.162103618486303724e-01 1.031478235581438641e-03
1.204702248393152431e-01 7.873929930964307594e-04
1.237111684921442939e-01 5.711780881697227016e-04
1.295607245407701391e-01 1.857683218558136395e-06
1.319317141872875521e-01 1.950837938198324772e-03
1.380166020903434432e-01 6.682059898562198348e-03
1.432104444032875346e-01 6.318169452310991177e-04
1.462274370926614497e-01 3.399768844146169259e-03
1.507353185568496845e-01 3.885674821712926746e-04
1.545618371093526733e-01 3.896272229431374501e-04
1.562672163037320816e-01 1.109280382813405139e-03
1.615606401245568424e-01 9.982671915802886903e-04
1.656285665241352678e-01 3.083581936181185694e-03
1.710503049841876899e-01 2.002239634113911883e-04
1.756910991077932083e-01 3.306155378114912936e-03
1.823339109894912269e-01 1.140309085863226626e-03
1.854017875309787455e-01 4.559885592022010366e-04
1.879783397267584810e-01 9.678006609371920177e-04
1.939444396407288829e-01 9.435127293521925482e-04
1.994142956798032884e-01 3.547319595242807793e-04
2.024449302866869471e-01 4.361719303736180534e-04
2.066496838418452331e-01 1.083632931355520872e-03
2.109587776631486888e-01 3.972609612478600924e-04
2.141968045747915661e-01 2.330998787977111436e-03
2.169856800998055113e-01 1.007349651939801671e-03
2.231728600877642688e-01 9.477211963788772457e-04
2.265365688361396790e-01 1.239323284125148613e-03
2.336683683455017813e-01 8.154516269123862843e-04
2.379993698035845207e-01 5.962537739908334864e-04
2.461566857945789999e-01 8.857207406956259244e-04
2.470461443895194675e-01 3.082374633731734871e-04
2.535946085921610971e-01 1.590781424337375446e-03
2.592547099062266214e-01 2.376381878875923428e-04
2.599410902288017411e-01 1.258785845141428470e-04
2.660876769832627997e-01 9.636928185588422785e-04
2.692984561616837969e-01 6.095411176613521349e-04
2.720210141324549413e-01 5.965851437274567563e-04
2.771562646916430062e-01 2.410282910356194969e-04
2.809215315210901731e-01 9.900530492018609716e-04
2.857966627011400140e-01 6.401177286607558894e-05
2.898628744301896543e-01 9.994887085700225984e-05
2.937379739702432602e-01 4.305369828967526755e-04
2.993191614724482474e-01 4.710196188212065552e-04
3.024788167631415892e-01 1.891833007760296466e-04
3.053235291621403391e-01 2.789718585528605695e-03
3.096735071549606144e-01 5.081159832666643341e-04
3.135999768957170586e-01 2.098807038584297817e-04
3.167902047917764974e-01 1.143554267047738058e-03
3.247302381498669011e-01 2.669521989899865857e-04
3.271612989717146425e-01 4.709524473871637873e-04
3.321843280328381498e-01 3.307589031480486505e-04
3.367220147618438797e-01 2.928791052688060545e-04
3.427872508959411979e-01 1.943895719989821678e-04
3.495123767239863843e-01 1.104806625368483675e-05
3.529178943462625839e-01 1.919229211092524480e-03
3.612340174320651798e-01 2.929984193389477778e-04
3.657663220539856819e-01 1.192437033626667716e-04
3.691033849399013023e-01 2.235576192341885173e-04
3.712698372209898290e-01 8.754570174772577634e-04
3.786012775454200008e-01 1.344246680645020330e-04
3.818069338268069157e-01 1.007551092709500643e-03
3.871605237137132338e-01 5.111008722701224603e-04
3.927434266562470633e-01 3.476796244110746470e-04
3.999116458102262017e-01 2.172822369398739496e-03
4.059993292945116572e-01 6.484384172442157008e-05
4.089429128972166261e-01 6.373394186907541635e-05
4.112885453671577540e-01 3.389644898964884771e-04
4.136765905066780435e-01 7.291705381390953646e-04
4.237418521415964867e-01 7.987759057969754523e-04
4.267779247177305169e-01 7.327370054302346732e-05
4.289859034503895607e-01 5.212209030554608956e-04
4.346704289003190946e-01 2.486600096872833456e-05
4.389665791850615451e-01 9.692546579880483926e-04
4.419390229634606038e-01 3.380941047048272659e-04
4.487289822664501937e-01 3.234987310901313307e-04
4.526801149767732402e-01 3.972387114344641903e-04
4.568647632726095531e-01 2.923928050957303734e-05
4.603564830981984879e-01 9.164544210568916958e-05
4.644080857013939689e-01 2.083630595708548406e-03
4.684655162457104227e-01 5.174212279535781106e-04
4.755804208126976906e-01 4.846643843606223702e-04
4.775059046269414242e-01 1.499015209520064647e-05
4.843430734530963511e-01 4.779466741123448374e-05
4.892283810706393177e-01 8.751008786096794436e-04
4.912361877395150511e-01 1.626056855233654150e-04
4.957255908185926874e-01 4.044543340272620138e-04
5.002625286319888342e-01 1.341314003460620543e-04
5.049224734031473316e-01 1.154078126482930878e-04
5.110711954464541851e-01 2.328944095177912970e-04
5.156866815971323792e-01 7.473315642297694104e-04
5.185762167418174196e-01 7.800847219249305419e-04
5.213337485262455884e-01 1.168973960196207989e-04
5.272229301777231480e-01 3.297870424914456432e-05
5.287566104114259646e-01 1.016194027255771067e-04
5.353585813987012942e-01 2.270341641323341702e-04
5.396672277450274002e-01 4.208747061847702836e-04
5.456976558150694601e-01 2.538765948146623819e-05
5.509305881176826958e-01 2.909727801269917252e-04
5.577963788818992574e-01 2.528102106733669491e-04
5.606506950164450442e-01 6.024106682635977251e-04
5.686061876689654238e-01 1.187545952306079752e-04
5.712067926995898492e-01 2.648415781576231569e-04
5.773246287521444087e-01 2.219141336652480357e-04
5.791341418109462458e-01 7.787466354368990365e-04
5.856750242122544803e-01 5.974779776321807072e-05
5.903430733424913646e-01 1.188387238101927014e-03
5.937040128886488244e-01 1.916697040874760908e-04
5.995087234755525074e-01 2.455915614143760616e-04
6.025216236031466499e-01 5.142447952868345204e-05
6.060202356364803311e-01 1.607376014077252372e-03
6.083096146018995842e-01 5.588005654634598185e-05
6.190549879232386532e-01 6.052575685524660618e-04
6.258501130865955497e-01 4.894762522957709998e-05
6.327401139244863693e-01 1.149713278934398787e-04
6.371264846405042537e-01 2.736135720194438807e-04
6.432850933551418349e-01 2.146517212712555599e-04
6.460567725972259367e-01 1.340472735870296714e-04
6.560578446008323850e-01 1.748985274164728058e-06
6.601587492199343377e-01 2.058293363536830623e-04
6.641579184047330386e-01 7.259301049887995115e-05
6.688606196686039951e-01 2.033880297226189904e-04
6.773092647960876622e-01 2.731787035930010872e-04
6.779225250516328627e-01 1.840614420088131669e-06
6.833519814060321496e-01 4.208192570440138380e-05
6.859423974723710682e-01 4.958564726007311501e-04
6.987010302611715851e-01 3.336106918899637511e-04
7.015898371028376213e-01 4.000044128847540835e-04
7.041249468715866655e-01 5.964776450205265621e-04
7.093639757645406885e-01 1.015776501022409812e-04
7.150044398309763904e-01 1.063261025522956060e-04
7.195769868540637937e-01 3.886246399967483172e-04
7.244763452455998953e-01 1.351068005590918849e-05
7.268479628416328886e-01 2.392243887086860395e-05
7.336728602401495491e-01 1.799606686170482611e-04
7.392188145298872470e-01 7.479844202459209749e-05
7.447635062434139197e-01 1.908012516698329684e-04
7.479159199260054791e-01 1.713457623562518776e-04
7.578335853350803841e-01 1.813359768952725994e-04
7.613833878520469556e-01 4.482479323802554473e-04
7.673141660075852855e-01 1.026139672901068279e-06
7.719683410486771757e-01 2.289325493203965664e-04
7.760694479611649488e-01 4.981530727757179462e-04
7.846108185023878967e-01 3.929612927840971993e-04
7.890064282421473951e-01 1.612810958390942457e-04
7.921801116354699746e-01 1.825825091824776836e-04
7.968024098561087287e-01 6.676322778488047623e-04
8.024238119023087146e-01 5.302181454783761968e-05
8.069798425835736921e-01 1.759511863251702279e-04
8.116914422575773891e-01 1.222027124649504193e-04
8.156450549985783116e-01 5.523404175692563133e-04
8.197471292779745511e-01 4.608336718956943662e-04
8.254354438537975236e-01 1.540411103191914968e-04
8.362833532105591328e-01 7.893776074126103502e-05
8.388279842321638702e-01 8.778209047575188451e-05
8.417744765984114252e-01 3.277717902804677241e-04
8.481450442732526573e-01 5.907084512451570273e-04
8.539551665845388495e-01 5.925791277928521257e-05
8.610886019158568994e-01 2.781244375952860183e-05
8.683533082258797497e-01 8.530293850769335776e-05
8.713226557018363128e-01 7.520208694267242451e-05
8.754656131266089769e-01 1.874950542029562507e-05
8.800009039659176802e-01 6.428262730360764831e-04
8.912714423407350761e-01 1.285765865017852723e-04
8.936348446112898358e-01 4.965438711900667346e-05
9.010592886553124847e-01 3.174644729587505548e-04
9.068742893203727284e-01 3.239902467775235663e-04
9.114467764351812384e-01 5.728237074724464853e-04
9.190444196691971435e-01 2.421178881053115812e-05
9.198579070936563351e-01 2.242013484933723334e-04
9.266707472940083345e-01 7.904324294239982972e-04
9.338616077674301019e-01 3.377449260986860303e-04
9.390853489729453774e-01 6.816138112721572759e-04
9.423255271095736241e-01 6.498747778850039614e-04
9.474280743076485267e-01 4.491253081220313416e-04
9.510477567300406054e-01 4.947022862057845168e-04
9.567691058166734042e-01 5.328350781485454319e-05
9.633487395682991394e-01 3.815426197641453798e-06
9.690142858362750244e-01 4.396748750945041900e-05
9.729848660906431634e-01 7.349505792333703089e-04
9.803766093729791020e-01 4.826668374290273575e-04
9.887374174144211159e-01 4.019799741813675272e-05
9.914067650119174901e-01 1.077138065251225050e-03
1.000875146522478998e+00 1.611259958357511002e-04
1.006604039003161200e+00 8.084319566368116489e-05
1.012076179934503273e+00 2.851389063481294620e-04
1.017548494328549546e+00 1.342356478881103399e-04
1.022293494211475640e+00 3.995685825586020019e-06
1.026157077926684424e+00 1.757760471877622889e-04
1.029359967733555203e+00 1.309431081304479648e-04
1.036009266486346059e+00 4.411893449383250620e-04
1.038826003265368225e+00 1.240334436571766639e-03
1.046659320738073440e+00 4.246391191191123448e-04
1.049890654496322018e+00 2.746403154484846617e-06
1.058253752514443313e+00 2.149415510909493917e-04
1.064064253726060505e+00 4.691548389455729116e-05
1.068410265809070836e+00 2.971772173109158755e-04
1.079076817422020884e+00 6.116335733197691179e-05
1.085049736824877709e+00 6.129480841003924355e-04
1.089911548472876746e+00 1.046539656597675078e-03
1.099153876872774216e+00 6.054693689073853928e-05
1.101232286849119557e+00 1.889268175365283430e-04
1.107741295735708009e+00 3.260406057828338236e-04
1.112797399563825174e+00 5.256939244522999041e-04
1.118916658951907950e+00 1.253440948076246938e-04
1.123238512888495633e+00 3.015366390405439323e-04
1.134353256227602635e+00 9.032751695724879288e-04
1.135340791515574654e+00 4.170098754832912686e-05
1.142751159076647705e+00 3.468644003549682035e-04
1.153774846020011458e+00 1.416820350036758372e-04
1.155356512210150566e+00 5.577706615559953904e-04
1.160130250998298251e+00 1.425060612871500586e-04
1.168585000489148040e+00 3.768351581052154496e-04
1.174140001578299453e+00 2.536137459652081094e-03
1.176831645331173792e+00 7.890788722561550231e-04
1.187487351190203544e+00 9.174076950554696888e-05
1.193128025709646822e+00 1.052534357701253752e-03
1.196505291183941333e+00 4.572796132616652426e-04
1.201962743885794271e+00 8.300221369959176780e-04
1.208133955942009674e+00 3.062331125035007309e-05
1.215879217605877249e+00 5.668568691275165198e-05
1.220675079530163076e+00 6.961849456875997093e-04
1.228516129147341651e+00 1.666590189602457181e-04
1.237307950619370045e+00 4.838310863379060591e-04
1.240173711947617052e+00 2.965674944895871573e-04
1.246756790994477671e+00 1.090480567684106952e-04
1.254400030054540816e+00 3.177206328766890575e-04
1.260193446462890110e+00 7.365996889580495727e-04
1.263371905924789207e+00 8.925209714925293799e-04
1.267863692767692285e+00 2.978584626650452932e-04
1.272403079445121987e+00 2.372577062570131539e-04
1.279399821546951088e+00 3.197746992448850757e-04
1.291079801381244785e+00 7.799087546560144919e-04
1.297933006425442182e+00 2.972006912553955488e-06
1.300798366084505275e+00 1.695693145511207103e-03
1.307586161253672996e+00 1.109331351229447295e-03
1.315303387164493021e+00 3.876319312106397291e-04
1.320940899343616914e+00 6.304407195368146944e-04
1.325651185755088335e+00 1.556741729559331508e-03
1.332817052668740176e+00 5.813859194518046416e-04
1.339079313897330259e+00 7.639018839582071858e-04
1.345847480557196718e+00 2.946289958927230637e-04
1.357563410138693083e+00 2.234683995076145130e-04
1.362511782697134688e+00 2.089038449510056494e-04
1.366384601360500106e+00 1.628834789344108100e-03
1.371622689091861691e+00 4.121886803507066391e-03
1.378575098761978257e+00 7.465539084897424797e-04
1.385915569603198394e+00 4.956837452240756361e-05
1.391034438726378442e+00 2.390479502763090207e-04
1.397780486929381283e+00 7.644763508873376762e-04
1.401535471609094419e+00 5.654504219554754452e-04
1.411243580643111173e+00 3.984275420077365158e-04
1.420247967550022805e+00 3.276959551242774514e-05
1.426189873948777054e+00 3.980770445226988752e-03
1.429205464815324511e+00 4.526742905692962733e-03
1.436750030434059688e+00 1.147452632070840848e-04
1.442016674244257946e+00 3.474628277738373646e-04
1.449586512492186285e+00 2.220849670068218359e-03
1.457246372600403905e+00 4.814451620269245662e-03
1.464330771240537343e+00 8.437901283584256376e-04
1.466306726836540175e+00 5.835637464655968505e-04
1.470866777201988773e+00 1.460882904302719882e-03
1.478545185685670837e+00 5.578270025849303140e-04
1.484479858402124597e+00 1.254513896955385252e-03
1.488422469729923758e+00 3.983737480665173569e-04
1.495597166094149166e+00 6.733864413731878830e-04
1.498151614198740988e+00 4.182903695372481678e-04
1.513517960444694888e+00 2.985414824169969287e-03
1.517022993276943676e+00 1.300417471638106717e-03
1.525002303021073757e+00 4.660627574642687253e-03
1.527845574016013508e+00 3.176341953688787507e-04
1.535887301445948872e+00 2.630808309244293621e-05
1.544877857830582624e+00 2.629130419417543153e-03
1.550439390730262490e+00 3.376565407183054518e-04
1.559707447125154633e+00 9.658707047712581381e-04
1.563681989749469148e+00 1.251296122453278686e-03
1.570668191624885468e+00 1.971186854820800288e-03
1.575544838813250692e+00 3.427725021821282584e-03
1.579862589674261297e+00 9.811952524812863393e-04
1.588197574679089730e+00 3.295253105857157833e-03
1.596454738843190446e+00 7.962105657230630082e-04
1.599905483513389681e+00 8.563404630855841516e-05
1.612386763043765825e+00 7.458775497282010445e-04
1.623377154092871200e+00 1.049071189912155824e-02
1.630481370548569897e+00 1.521119674218923560e-03
1.636632449658278254e+00 1.162165438720050032e-03
1.641656788009115964e+00 4.180451499303158565e-04
1.644854303679901708e+00 1.478689956359498367e-03
1.651297844240332102e+00 1.695289694474052535e-04
1.661394236718282125e+00 2.650408647487249077e-03
1.665184883120425230e+00 2.525379906360921117e-03
1.672538861703110280e+00 4.508159712763556808e-03
1.683291128137744508e+00 3.923488253936191668e-03
1.691674744870553138e+00 2.959824414097044637e-03
1.696282114553408382e+00 2.767067235209775926e-03
1.702350484098310801e+00 3.870749282955123893e-03
1.714019929358790995e+00 2.370866589893906411e-03
1.721138759480121072e+00 5.984019595574745047e-03
1.726044971716345522e+00 3.895142014779215487e-03
1.731872155311769523e+00 4.464844629935243656e-03
1.740369567420613439e+00 1.760389462220708764e-03
1.744641418607492112e+00 1.879920183400461686e-04
1.755465910122869566e+00 1.729286205892515511e-03
1.759721661688984140e+00 4.389868700731935913e-03
1.768042596892685170e+00 7.707309123901425656e-04
1.775936378711141739e+00 2.679270968836432610e-03
1.778801434904343282e+00 2.659318116309885584e-04
1.784840281829772168e+00 2.037046543051151178e-03
1.794210991039118852e+00 4.957401120264319071e-04
1.804697364088410971e+00 3.070119647746844937e-03
1.809085327896696294e+00 4.255604241771203389e-03
1.814567763512781040e+00 4.774219934415029521e-04
1.827589137604693992e+00 1.162480788057463493e-03
1.836281266685075630e+00 8.030860380182082122e-04
1.838750495614425828e+00 7.446598776374488806e-05
1.853371275550392161e+00 1.319145010054431329e-03
1.857507598336163746e+00 3.964946858711764790e-04
1.867305511359312220e+00 3.679160007309554225e-04
1.878370244193601657e+00 2.582245601302667740e-05
1.882957036538253082e+00 1.960360233604424237e-04
1.885191144933578533e+00 4.686800611002168103e-04
1.896621320488145690e+00 4.076021690960714735e-04
1.899480386291983569e+00 4.609160845455216962e-04
1.912365465402880105e+00 4.443351095465968579e-04
1.921691708058556491e+00 1.232196619084178308e-03
1.926046453490681598e+00 1.770441767205085145e-04
1.935828281347295343e+00 4.299955342403540145e-04
1.942333889498264687e+00 2.909774353156318379e-04
1.953822716769988865e+00 8.970720872405237847e-05
1.956483096749870088e+00 3.911541655651849369e-05
1.970863044513942119e+00 7.592244961125038010e-05
1.972681739497242015e+00 7.154595984748676404e-05
1.989585638724061800e+00 3.838277875695598167e-05
1.993008575348115707e+00 5.543603412556492863e-06
1.998616674564490214e+00 3.134505610332118065e-04
2.006389028271487796e+00 2.393785545722858232e-03
2.016905125907684226e+00 1.020311335428795535e-04
2.021536504116020705e+00 7.085731991708695693e-04
2.031663252077789750e+00 2.239258650812696750e-04
2.040103430171420040e+00 2.121992201765602714e-04
2.047689762463264174e+00 1.023533584743132496e-04
2.056447023668816154e+00 5.419467031094193345e-06
2.062551703599466713e+00 1.856654634973829493e-04
2.070575377461027156e+00 5.359216216751005795e-04
2.078958171864663473e+00 8.614700240365275735e-05
2.092469324534826924e+00 1.535659885545348052e-05
2.101697164535514695e+00 4.151197948574291514e-04
2.106140842785215739e+00 1.972867621682088731e-03
2.124995891784855928e+00 6.866183822984050415e-05
2.135905959821012612e+00 1.467487009418063997e-05
2.139334689668410672e+00 1.905271428360928211e-04
2.143449444710151752e+00 9.603821721660322933e-05
2.156529479960742179e+00 7.765727054969750532e-05
2.168361704991728978e+00 2.546265556484529602e-05
2.177367221460990709e+00 2.476291620548324679e-04
2.189277360628288704e+00 2.106733975033052626e-04
2.193203638075417405e+00 8.663864618569601427e-04
2.208130117601209808e+00 3.035148353840191838e-04
2.210892050768405337e+00 1.555505173849525754e-04
2.221708189448765580e+00 7.514510816171622327e-05
2.240260584756527340e+00 8.547533973450084383e-04
2.248047566864724622e+00 1.593419183729933664e-04
2.257522521318407804e+00 3.404122723853641075e-04
2.259969153967322786e+00 1.221821014777260737e-04
2.275137694953629719e+00 5.265916360361348660e-04
2.285548775011879030e+00 4.622710743904625869e-04
2.307433441324668433e+00 2.022463564860912445e-04
2.314503913678445102e+00 6.221649810000357364e-05
2.324745345033627508e+00 8.182748866808180012e-06
2.329655313121745674e+00 1.794017666710560422e-03
2.344131423141714521e+00 1.141610896089448454e-03
2.355378002693606199e+00 5.296738385777619539e-04
2.357429742222506786e+00 3.164517367940640024e-04
2.370159161201847553e+00 6.589966352103110176e-04
2.380536861945403260e+00 1.086890364400586607e-03
2.393439131657904895e+00 9.519325446722765255e-04
2.405894567253492156e+00 6.346312221059247733e-04
2.415054705618261188e+00 6.766439790655144181e-04
2.424077117583146368e+00 6.474615098843824372e-04
2.445821919003802414e+00 3.923077973989693335e-04
2.448385539174145364e+00 2.051835368767226616e-04
2.459713716441966014e+00 5.370914883488283470e-04
2.474585133792871261e+00 2.322079517251949719e-04
2.486861492286189801e+00 1.950573387832032048e-03
2.501123148743686464e+00 2.406951128270419082e-03
2.510083444751997295e+00 4.138946566793479890e-04
2.517375266079497464e+00 1.173716413532243248e-04
2.540410157764357635e+00 1.241777674114608242e-06
2.551193866761163775e+00 1.166575177343491662e-03
2.559679552844607908e+00 6.181650895731964092e-05
2.571450374191765142e+00 3.434671424937926136e-04
2.578937533889587908e+00 1.261888299722756452e-03
2.591186554570897638e+00 2.951333507900172869e-03
2.599697706346099757e+00 1.402039553886051714e-03
2.616378443387000985e+00 1.016477554744565828e-03
2.627463926287061824e+00 7.520748327384760312e-05
2.636167417368211474e+00 8.349580719228398736e-04
2.645636193738835296e+00 1.003525863428926784e-03
2.659476917133641205e+00 4.764011269214065119e-05
2.665689918798850755e+00 5.440858201615062341e-04
2.682019779218792532e+00 2.610332216137168314e-04
2.686443866435864969e+00 6.422844165168995521e-06
2.696191101878604002e+00 7.700680874003352876e-04
2.715507207081591545e+00 1.070036239119889158e-03
2.741686669754876959e+00 3.595037480595376141e-03
2.752052050526037519e+00 8.163040514212029105e-06
2.763992222630353268e+00 2.132432593618359881e-05
2.774784410927216172e+00 1.043346599252646754e-03
2.797560948103773537e+00 5.357844993984680866e-04
2.800905916259640804e+00 3.569272939829660563e-04
2.819398940207991089e+00 1.492628576144990841e-03
2.836439240456734012e+00 3.783991370863013155e-04
2.847341482615096453e+00 3.049109053529550192e-04
2.859253644535881378e+00 1.211688694600885101e-04
2.870028415904048558e+00 5.836858286439025384e-04
2.890591666881645594e+00 5.342378609083666373e-04
2.910582298111245692e+00 2.803363854247040415e-03
2.921696478000992414e+00 2.433718626975925250e-03
2.937429908388146771e+00 1.790818278598645900e-03
2.952525519103314622e+00 6.076994183318100776e-03
2.973898946711438285e+00 8.362946253448399429e-04
2.988383210258619194e+00 4.711345536782976604e-04
2.995498666149855715e+00 7.994963243639133937e-03
3.013048520146002218e+00 1.587473701261912524e-03
3.025378858457141718e+00 2.006519536394879913e-03
3.039384830133113446e+00 9.503900602682786348e-05
3.048340766879725994e+00 1.452984450279492016e-04
3.068930738740581532e+00 2.375544395271282714e-04
3.089381082779889987e+00 2.274146419847014578e-04
3.097347258319999241e+00 4.848366016594054910e-03
3.112935369069704805e+00 2.005744757641416732e-04
3.136337158248977630e+00 6.185895189534627858e-04
3.152351714252345616e+00 1.477988939369000946e-03
3.168310025278479714e+00 1.000597841211025955e-03
3.195985141623927106e+00 2.658715867932601520e-03
3.223559579678138221e+00 2.246164128036706037e-02
3.253725351182739089e+00 4.919330079912868393e-03
3.290159025223459821e+00 6.363863208625145790e-03
3.302931647985243302e+00 4.825132729179960542e-03
3.341563015800132153e+00 3.308666629257807790e-03
3.347334111539971069e+00 5.556493331424153118e-04
3.364085488107022570e+00 7.618189985411054008e-03
3.390825266895316048e+00 1.167633311411428931e-03
3.403680347826963271e+00 6.972449394162756392e-04
3.423854089220251140e+00 7.107997942132009790e-04
3.447358559476040085e+00 5.472552595064990441e-04
3.478974788173466948e+00 7.211875572144507739e-04
3.503985798048336875e+00 2.361124868781904092e-03
3.548519637635788371e+00 5.190490296675150372e-05
3.576516709904726810e+00 3.145936483120556799e-04
3.605069053265308909e+00 3.806219346288793222e-03
3.634186746743418794e+00 4.128916153209568132e-03
3.661556905768129866e+00 4.519649518248596096e-04
3.673699101200732287e+00 3.095801858471002640e-03
3.698971875756395633e+00 3.241502185283092635e-04
3.713607911609393852e+00 9.845005807130129648e-04
3.780492057937410166e+00 1.498623010903825294e-03
3.825279469836445401e+00 6.265896032529148394e-04
3.861309754818739393e+00 2.358181429027807251e-04
3.913838939652613647e+00 3.968564352719992049e-03
3.960889738840805308e+00 9.338027829825257682e-06
3.986545141699298966e+00 2.379827365156320920e-04
4.086782883022626933e+00 3.063678000980347440e-05
4.103059410638508098e+00 1.239292097841864729e-03
4.128865556543589221e+00 5.170283298745444525e-04
4.194251664560566084e+00 4.889558605958148498e-05
4.238504132451385686e+00 1.117541386924893925e-03
4.290697369759726598e+00 3.612182072731214737e-04
4.351374401434304318e+00 2.268649354377799861e-04
4.377840464767496442e+00 6.112106679762941211e-05
4.427930153220753340e+00 3.292738478951467811e-03
4.470370150478686355e+00 1.012753524471359055e-03
4.538570037866049844e+00 3.314222194698599280e-05
4.599195997087550225e+00 4.508920015671018765e-03
4.693295442716305388e+00 3.494625245123775259e-02
4.734072113543069449e+00 3.664685425170747558e-03
4.784551127236870371e+00 1.862589231348194072e-03
4.822284274271401827e+00 2.048820376986926293e-03
4.916160700763665403e+00 8.318030588548014489e-04
5.002797684974941816e+00 4.479341353266370874e-04
5.053044533155642171e+00 8.327960894736861778e-04
5.166590217129295226e+00 3.901586023576241076e-04
5.428001776174006920e+00 4.569269764799228223e-05
5.642910218318933246e+00 7.573562242605564590e-04
5.965918803884527222e+00 2.094134766614247356e-02
7.083022397407001236e+00 4.734873021025995735e-03
