-7.531319649251912551e+00 1.125512725292482493e-03
-6.597356505242809810e+00 4.804942703502393907e-03
-6.368427605643319112e+00 5.513711137723245051e-04
-5.967852330322061860e+00 2.019805912922571691e-03
-5.783547218802003620e+00 4.884010646249122619e-04
-5.674440932734659881e+00 8.000462938475216227e-04
-5.502777033613948987e+00 1.496577894299953339e-03
-5.465690417084220876e+00 4.847758813105161081e-03
-5.390983115589939700e+00 2.077324804423137661e-03
-5.278313306905605629e+00 6.169721221352090621e-06
-5.165272694423075350e+00 9.154039080437325899e-05
-5.128815396643193303e+00 2.529442459918940841e-03
-5.040601349405193332e+00 4.051571119563843540e-03
-5.001246455737847540e+00 5.160049261457434581e-04
-4.919074546190888242e+00 8.582783385026189179e-04
-4.898910246247808686e+00 2.197394153594319204e-03
-4.817123576621723302e+00 5.672154038504843409e-04
-4.769911651150065879e+00 1.678987761532559292e-03
-4.734506591120519303e+00 1.459348087542570701e-03
-4.688911685512107574e+00 3.921227858458913550e-04
-4.621598028960967497e+00 1.067095020137231103e-04
-4.583166880905197971e+00 3.041626358048308957e-04
-4.518658818084590578e+00 1.971855439344746570e-03
-4.493092407932675947e+00 7.747461281548578046e-04
-4.475352392286051639e+00 1.543308747075926909e-03
-4.439088465307799325e+00 9.671354063169600472e-04
-4.417799301120998834e+00 2.346787659991713976e-03
-4.388968833330135766e+00 5.897269506379749669e-04
-4.356332626553600207e+00 1.657260863693514304e-03
-4.327862663587057845e+00 6.958143269437541906e-04
-4.274601613620179208e+00 1.640720469775214252e-04
-4.231473321081923977e+00 3.491848332400885550e-03
-4.212003569152646065e+00 1.474075275061350904e-03
-4.173050065367794659e+00 3.445442805144966272e-04
-4.124464709245359906e+00 3.058477128042410859e-03
-4.102350254930547280e+00 1.412767370236357950e-03
-4.062117712025793637e+00 2.654191455606529689e-04
-4.014375825036625045e+00 2.260539934950650965e-03
-3.997640483845487758e+00 2.125051092473454492e-04
-3.976980702145065383e+00 6.051192303263297229e-04
-3.949794148918988945e+00 1.763398680751729623e-04
-3.936741704551753873e+00 4.109701899462227899e-04
-3.899222341881751763e+00 1.249873642432046842e-05
-3.865010826647584441e+00 5.296920535875176798e-04
-3.841740918411252537e+00 3.710127383134549607e-04
-3.803776486687656888e+00 2.035749268853789817e-03
-3.793423306774313719e+00 9.219465937906834647e-05
-3.785368425862838837e+00 2.464800032483541094e-03
-3.769089843845051746e+00 2.952927476994031560e-04
-3.723996024546036843e+00 4.326762884050635053e-04
-3.708434509422406045e+00 4.006484352524684834e-04
-3.685772706462520976e+00 1.080548604781803599e-03
-3.672464027936726438e+00 4.363001481345867710e-04
-3.651432113691235326e+00 2.222859204827414784e-04
-3.624160660606055906e+00 7.602685285606350721e-04
-3.610627650217471896e+00 1.418286527266724144e-03
-3.577293700461537274e+00 1.009066214472319764e-03
-3.550610385375647216e+00 1.295178628921764621e-03
-3.527999577303448930e+00 2.861232722726690138e-03
-3.513871797753927773e+00 1.594406029367981172e-03
-3.493647536371620177e+00 1.518757692844423897e-03
-3.467771512701639303e+00 5.929725763238372056e-05
-3.449864749384349061e+00 6.529059496165535341e-04
-3.432039104928385598e+00 4.456908923412017409e-04
-3.421666836795355771e+00 5.359894095573108837e-05
-3.400279012845997428e+00 1.338872952452059778e-03
-3.393716359061904164e+00 2.668985130634588020e-04
-3.382885638625038993e+00 2.438669699387763495e-03
-3.373640929838084723e+00 2.655290269556624238e-03
-3.343634059857883756e+00 1.801920990195598950e-03
-3.317847298291997760e+00 8.988559092514369995e-04
-3.309179257054291057e+00 1.847050533939055767e-03
-3.299019905676413345e+00 9.398533110429881749e-04
-3.280300004224613986e+00 1.031840480304930608e-03
-3.268847150600307394e+00 5.293455557901295986e-04
-3.250158437588189564e+00 3.996201775900696022e-04
-3.231208242897356975e+00 4.260157807916713685e-05
-3.216077547564210271e+00 9.229479600304645471e-04
-3.198724578287392539e+00 3.188259005602315957e-04
-3.170090149699956505e+00 1.661805751633812012e-05
-3.163395979555691184e+00 8.636232754793376394e-06
-3.142140845486297351e+00 3.709624680684762884e-05
-3.133349148784625449e+00 3.581816372538302977e-03
-3.112510818358171782e+00 1.688997154649784973e-03
-3.096161892549986305e+00 4.937041138677273960e-04
-3.076797878778503303e+00 2.407855778597344561e-03
-3.070685578982807584e+00 5.698836287208350294e-04
-3.057079004775242304e+00 8.203169968146981376e-04
-3.036328130547196302e+00 1.090034444897312925e-03
-3.029587482271602461e+00 8.244917638285651808e-05
-3.015194938198717090e+00 2.292243219302246787e-04
-3.003715133974097284e+00 1.052819531236126897e-03
-2.984072101190721860e+00 5.500212291982887504e-04
-2.965618836067823061e+00 6.062206736423972689e-04
-2.957686054041886337e+00 1.671904275301969904e-03
-2.942403977795599701e+00 1.307845127073373279e-03
-2.920142131863594948e+00 2.963986993341955617e-03
-2.904602158889946217e+00 1.016696498954769304e-03
-2.893246127923599698e+00 4.885683104865870584e-04
-2.888691190124645036e+00 9.915333929356246118e-05
-2.881080971713904759e+00 6.934636325755613338e-04
-2.873563138611467949e+00 3.889802613608601793e-04
-2.854861238021718428e+00 6.925711765685749807e-04
-2.840251625124416535e+00 4.611505318113833136e-03
-2.830701878272368077e+00 1.890986473314781727e-04
-2.819407164467537363e+00 5.174739524723976080e-05
-2.808778996948638529e+00 6.115109668517718262e-04
-2.800134434667413075e+00 4.472265233061759027e-04
-2.792286411418350767e+00 1.104826190954789900e-03
-2.778409730758006013e+00 1.819483628455143497e-04
-2.766438357723618235e+00 1.948035583423160999e-03
-2.765147436891639998e+00 6.459539922884406247e-05
-2.751032683459873063e+00 2.275417257721310937e-03
-2.740543847136215128e+00 5.864895919976701659e-05
-2.725068593104373882e+00 1.129646158774359104e-03
-2.716408466898917240e+00 1.244870170971361335e-03
-2.707159207362204612e+00 1.664949971856682139e-03
-2.690625790197533895e+00 2.904551487429269481e-04
-2.684996534565517123e+00 3.317414771950695182e-04
-2.668409604434174298e+00 9.495245906104748447e-05
-2.656698360096674705e+00 5.467992020917060480e-04
-2.646361825608881446e+00 2.928811670124012619e-03
-2.637716629335969287e+00 8.040063014468981639e-04
-2.619235411078806752e+00 1.396446437938802382e-03
-2.618029674344401592e+00 8.607636617436251322e-04
-2.596148182021618567e+00 1.184820576238809330e-03
-2.587548299136369856e+00 1.384117265541126498e-04
-2.576762921454397670e+00 3.019018698527083108e-05
-2.562217112849528800e+00 9.537610129932880504e-05
-2.557320708760473238e+00 1.073678423892002285e-04
-2.536192686879767955e+00 1.914935474767532350e-03
-2.526669623467645565e+00 1.560304317584931702e-04
-2.515917625420738268e+00 3.425685143115721350e-04
-2.508457655796606289e+00 7.209003499902733210e-04
-2.503427694108303569e+00 1.695678896658498044e-04
-2.484796029741857204e+00 1.362817499100647638e-03
-2.476119892777193243e+00 2.257517611100428299e-04
-2.473472896953104794e+00 7.994614478775656638e-04
-2.465689339830232640e+00 8.035017854633880738e-05
-2.450347389255259856e+00 1.131483004897002910e-03
-2.439569606537883129e+00 7.772978828137619618e-05
-2.434813083759399088e+00 2.140435857100589823e-04
-2.419833204493910372e+00 1.717055822818683351e-04
-2.410983483226953439e+00 3.019880950789295888e-04
-2.400185718112264333e+00 3.196309545714152945e-04
-2.391710257121453687e+00 3.740290514343290787e-04
-2.385695267446381607e+00 1.561659594500955589e-03
-2.376569838318546068e+00 3.605842015416454235e-06
-2.357143275920601688e+00 1.245500897448536788e-03
-2.351947230061007588e+00 9.085077853152357676e-05
-2.342539991277891254e+00 5.943036767733067939e-04
-2.327578205825462376e+00 5.368242087839408556e-04
-2.318115122722125498e+00 7.421759342825668673e-04
-2.307971665370589953e+00 9.904081803203169682e-04
-2.304526660701089025e+00 2.837670845088093832e-04
-2.290253739380990528e+00 1.202581407816914229e-03
-2.285317508944979092e+00 7.027661696142346176e-04
-2.270882409342281250e+00 8.281046313614792362e-05
-2.262220657019450520e+00 5.652218364948024361e-04
-2.255284080845870065e+00 1.234248056914278918e-03
-2.241190449147353547e+00 1.079567869145015751e-03
-2.231848632985251157e+00 1.420099310810020920e-03
-2.224740695046651062e+00 4.241810419585558076e-04
-2.215647882358116050e+00 7.542200939934681895e-06
-2.200664281243268405e+00 5.662078877662228343e-04
-2.186197925560483313e+00 2.043557362117529638e-03
-2.181835206718092390e+00 1.096154991534582530e-03
-2.177678350840099863e+00 2.947964767805696159e-04
-2.171844009778889806e+00 1.081635586739488437e-03
-2.164116261176745049e+00 8.019906848067418414e-05
-2.156332865507551766e+00 8.021758269541034980e-05
-2.151846828504717646e+00 2.675179960234030170e-04
-2.143576982579828538e+00 1.109105924793295098e-03
-2.136149771538222275e+00 1.340825748590705507e-04
-2.128902536297360371e+00 3.075447834290801624e-04
-2.122567048660160438e+00 1.037027834930125082e-03
-2.115608953947595516e+00 1.820222521910305638e-04
-2.106293637112591988e+00 1.129616379441427613e-04
-2.094070472914458581e+00 1.087203509764880392e-03
-2.088711807661134845e+00 3.158568209086303445e-04
-2.075355865182261006e+00 3.424483737984553760e-04
-2.069486756257769677e+00 5.561325914110138921e-04
-2.063579286131496104e+00 1.148077116213773365e-03
-2.055767525269797780e+00 1.513621254186811290e-03
-2.046448635602344801e+00 3.509974603083114604e-04
-2.037902886447642281e+00 1.735110307302311305e-04
-2.034812040905855657e+00 2.976120254280110056e-03
-2.023105013065964464e+00 2.995547187816057332e-05
-2.015762393498831351e+00 1.590394865769037346e-05
-2.006435282906450901e+00 4.973968947281988580e-04
-1.993877653317037257e+00 5.120978110626689438e-04
-1.986781706314806328e+00 9.035095632065012240e-04
-1.977594292561353662e+00 1.169848877666497229e-03
-1.971099888958143254e+00 5.810651911651014022e-04
-1.959633569395175412e+00 5.303178906308461844e-04
-1.954503750570995457e+00 8.016009920025804177e-04
-1.942727042227377243e+00 7.119485121317539506e-05
-1.937462410386026956e+00 6.922048512770430265e-05
-1.932438645146771439e+00 3.221202238397598370e-03
-1.923318556949788594e+00 3.838987821696548670e-04
-1.916980187425496140e+00 2.515269145775058139e-04
-1.909712396540593771e+00 1.538207056037947272e-03
-1.906239479188140074e+00 6.452761004194332599e-04
-1.899160347228623813e+00 1.040370401404048769e-03
-1.889698923171700962e+00 7.009294887206520388e-04
-1.877724843866299231e+00 1.124376270261479059e-03
-1.869568005426164525e+00 1.283140634806810522e-03
-1.861203285618872272e+00 5.049724342264455068e-04
-1.857379074439847066e+00 9.680500063957654579e-04
-1.848594948391218296e+00 3.398392447711475611e-04
-1.831171906594491805e+00 7.281408432944976592e-04
-1.828606182419722614e+00 1.844866728497370086e-04
-1.819997804429237753e+00 2.767106418615407568e-05
-1.811375591208332025e+00 1.549302751664391117e-03
-1.804034017090438979e+00 5.560577797561781299e-04
-1.802015232864142780e+00 3.231578962338155919e-04
-1.792677387218303053e+00 2.470040100603620168e-05
-1.785985256902059115e+00 2.725318258976272079e-04
-1.780625196047291636e+00 4.124000562461087858e-04
-1.770842090316306461e+00 4.713802947784872946e-04
-1.758939093838440382e+00 2.443385192219237338e-04
-1.753624621768826497e+00 3.942611458540372068e-04
-1.746347789798050165e+00 1.188250579823420738e-04
-1.739263831364532997e+00 2.004222277753214040e-04
-1.730179000931658218e+00 5.846877545799903644e-04
-1.724507349681950963e+00 1.203776847277563230e-04
-1.718592794301397220e+00 3.187710718688696620e-04
-1.711084779791596455e+00 3.201555305136882367e-03
-1.706670116059670006e+00 1.659762335720958056e-05
-1.686677306242647889e+00 7.125636627384281975e-04
-1.682788019724359874e+00 4.824389801813437693e-04
-1.678329725948246143e+00 1.061557425473285158e-03
-1.673364817564482188e+00 6.941888201138483210e-05
-1.665792380965685382e+00 8.133021047393242152e-04
-1.653847516351707014e+00 7.695788598285950794e-04
-1.649779176769756495e+00 6.518221318160026198e-05
-1.636035798419177345e+00 1.568013098477124504e-03
-1.631698540553825794e+00 1.053957441733617897e-03
-1.624845500769598772e+00 2.039633536206632812e-04
-1.617346482456757384e+00 2.099771904634723310e-03
-1.614984035773885829e+00 2.864839826469532560e-04
-1.604207871145341358e+00 2.048668159544919393e-03
-1.598881978971751439e+00 1.731076539209091669e-03
-1.586700331944031817e+00 1.487662499347994650e-04
-1.580193808863046279e+00 6.313332457222009227e-04
-1.572982527209748627e+00 1.923894256953665480e-04
-1.567588714380893089e+00 5.015087950864270455e-04
-1.555466149742249282e+00 3.020767726058209805e-04
-1.551386972553087329e+00 9.076515730055133594e-04
-1.550233473159889463e+00 2.034185752944361631e-04
-1.542309365005443134e+00 2.634928558706038713e-04
-1.534002781634160151e+00 7.733531222030304167e-04
-1.524863149635939497e+00 6.197621188275666488e-04
-1.520999178214529124e+00 2.957807683539884431e-04
-1.512681237821922986e+00 3.657838442331205905e-04
-1.509307914506664350e+00 3.192159990519612481e-04
-1.501997296732953124e+00 1.924679921209102593e-04
-1.497497910148551048e+00 4.823248059700678244e-04
-1.490208282459739131e+00 4.570817814910254262e-05
-1.478597337876985662e+00 3.201161548606623348e-04
-1.467621070714471898e+00 6.253636448875913353e-04
-1.460375954538579268e+00 7.797178602026367438e-04
-1.455878039851916439e+00 7.173886935757412290e-04
-1.451018547977036111e+00 3.309260659219410788e-04
-1.442423395552950183e+00 6.490689825006596466e-04
-1.440349297252952798e+00 1.492004492070545885e-03
-1.437748605442571437e+00 2.354839177028510567e-04
-1.423075692722325147e+00 3.168142067020496885e-03
-1.417810853068965038e+00 1.487020850058962812e-03
-1.409581177319524148e+00 3.354923922918642007e-04
-1.406159156927216713e+00 2.009886883671875861e-04
-1.392415723476717382e+00 2.565403161036256224e-04
-1.387851920724611832e+00 1.014592235013945214e-04
-1.386609063248344542e+00 7.946627478328467708e-04
-1.379347022784733978e+00 1.091956740215663333e-03
-1.376942353886715820e+00 1.507627046589476787e-04
-1.372099928017346038e+00 3.356449693959871619e-04
-1.363752854796987712e+00 1.367586690636494453e-03
-1.352618883175620290e+00 1.320145780369329051e-03
-1.346129668429151494e+00 1.446232089329657644e-04
-1.338503683912720454e+00 3.767107780267403539e-04
-1.328270502205055159e+00 1.496427261506118453e-03
-1.321940383763965610e+00 2.803637109196524969e-03
-1.316904254087199133e+00 1.486775511619028739e-04
-1.311471891971488724e+00 3.993368847338489265e-04
-1.305632369567633511e+00 9.100078171438185422e-04
-1.303082588872161551e+00 3.103091990367342051e-03
-1.297428038714035781e+00 2.309114402642764097e-04
-1.293405306745011973e+00 5.264103811602067295e-06
-1.284698593195843230e+00 2.536578114848125204e-03
-1.274576622219423250e+00 6.362523280966837389e-04
-1.270075444489770833e+00 8.218737034960394003e-04
-1.263224765107958003e+00 1.352520075323714564e-03
-1.256996480718938880e+00 1.261340249574449061e-04
-1.249839391924276732e+00 1.461518412205126995e-03
-1.242790757898076137e+00 4.716379077328682664e-04
-1.239805972686086388e+00 3.580590408104594854e-04
-1.233989033081584363e+00 2.004065059504843405e-04
-1.231910953330614733e+00 1.665264993936321986e-03
-1.225464287648036610e+00 1.447355059338950849e-03
-1.217548972286230935e+00 1.004305561878535927e-03
-1.208180195674078306e+00 1.725003906449122703e-03
-1.199596404063368205e+00 5.320714504990492607e-04
-1.192492027889487272e+00 5.321964513970946957e-04
-1.187810721244517698e+00 2.142490969257979420e-04
-1.181008323671304261e+00 9.510503457903197143e-04
-1.177027223986870874e+00 2.021336160035937398e-04
-1.174257661169986422e+00 6.779132217505864661e-05
-1.167773173134702303e+00 5.638213407647420342e-05
-1.163225490672140428e+00 7.222655577260211120e-04
-1.151920129851236929e+00 5.836590999412440183e-04
-1.139642516090663360e+00 6.145543490405244681e-04
-1.137407649536140264e+00 5.072900350577994402e-05
-1.128931973608488626e+00 6.128749202608757638e-04
-1.124620091994369186e+00 2.118933510765152702e-04
-1.118932045541316089e+00 3.902816436491220913e-04
-1.115027289198043947e+00 2.190072351523586166e-04
-1.104642556554526811e+00 4.615621120577790681e-05
-1.098694889006437414e+00 3.933642741157646972e-04
-1.092736307635365334e+00 2.531386893966647831e-04
-1.087841495513884649e+00 3.335073608323378355e-04
-1.084965838097200486e+00 6.570501936382575070e-04
-1.078664819879633585e+00 1.050895926975732976e-03
-1.069669053220187349e+00 1.066251745047246656e-04
-1.065207643541973948e+00 1.319210561158637050e-04
-1.057054656934121262e+00 8.496554314289135861e-04
-1.052670701809296450e+00 7.976305642640265812e-04
-1.050491161709146581e+00 5.738032478505061861e-04
-1.041843183021874619e+00 1.462318136832778609e-03
-1.038591904873732430e+00 1.102958740829085814e-03
-1.029899486769620953e+00 1.194255333442585144e-03
-1.024027138293954975e+00 6.347577668307591097e-05
-1.018352241168356986e+00 4.834337709747616439e-05
-1.008420024927522141e+00 3.959152638769832455e-04
-1.005866189287789370e+00 1.891255430330643730e-04
-1.001832684514150085e+00 7.842780227979988554e-04
-9.977596820243803677e-01 4.670288172238404941e-04
-9.911907987525383490e-01 7.542716312938298629e-04
-9.869631291855335276e-01 1.805620689093199787e-03
-9.772929946179056415e-01 2.915721853619030520e-04
-9.681169469703649888e-01 1.300141078684990265e-03
-9.641531831520476770e-01 3.214102845196586695e-03
-9.572366384058775823e-01 5.147391938187703382e-04
-9.530223834610545008e-01 6.143344540816779832e-04
-9.446702841588887622e-01 4.414872255524097131e-04
-9.318597673465125464e-01 4.288685697194683259e-04
-9.287880764227042230e-01 2.623326521002088412e-04
-9.211453087865230094e-01 3.086988549236155074e-04
-9.170710858060021620e-01 1.245877268727148008e-04
-9.127681858070925136e-01 8.600113518533947709e-05
-9.011423290030596833e-01 2.887723136760723865e-04
-8.978112161377321820e-01 1.010506974049763364e-03
-8.902208284939807648e-01 7.139871332630156600e-04
-8.864787449056223956e-01 2.243615948767567025e-04
-8.785032919413774399e-01 1.257818251612737153e-05
-8.769397594240689875e-01 1.183668427124229565e-03
-8.662634863899141280e-01 9.218845800922445153e-05
-8.624492450017982037e-01 3.381322502911883552e-03
-8.524090210608200602e-01 1.133614665114086222e-03
-8.464066972762033236e-01 5.064803657633984262e-04
-8.417209071953932753e-01 1.157904504914927975e-04
-8.382487470752545411e-01 1.146885669388295927e-03
-8.352457318012777021e-01 1.297363015471316176e-04
-8.297868149937591697e-01 1.252378953386131064e-03
-8.250194209510890442e-01 3.327451823399372164e-04
-8.155378485122020127e-01 7.609831252090307674e-04
-8.102102631617574824e-01 3.771427502519693033e-05
-8.065952482101044207e-01 3.936756453153691894e-04
-8.021920015484212962e-01 4.218134400522760260e-04
-7.952957821320905119e-01 1.450777162721027724e-03
-7.929766096951518239e-01 7.011873693958847915e-04
-7.878112369096876844e-01 1.114550229140956656e-04
-7.806549105010607281e-01 1.261510273952351014e-03
-7.742174056125020742e-01 1.981651120773633245e-04
-7.664191290716206861e-01 3.423120865855863552e-04
-7.639136272888356061e-01 2.800592516335379911e-04
-7.542769294494160448e-01 1.170531829953991862e-03
-7.472247060717454037e-01 1.532098319053758748e-04
-7.438041769943462000e-01 3.021202840387447307e-03
-7.371296261056740073e-01 1.018719453030830259e-03
-7.348557935007293818e-01 9.222086069641737905e-04
-7.297126670154194805e-01 3.854573873903161478e-05
-7.226905297637228331e-01 9.745397245943458568e-04
-7.177383655377624905e-01 1.190304072419707539e-04
-7.124593187722173537e-01 6.700002279466306589e-06
-7.064434211950326725e-01 2.085173698882560826e-03
-7.040082884137728314e-01 5.126052034004319842e-04
-6.989362849903750785e-01 4.552615120070236017e-05
-6.855389694369253828e-01 9.899499330673713644e-04
-6.831328055235672547e-01 1.148526007262759649e-04
-6.742540675249718563e-01 1.725883021322188152e-04
-6.725619863807263954e-01 2.213766726607247447e-04
-6.646376351019646078e-01 7.488890026585901232e-04
-6.594670018072803508e-01 1.106204564232487076e-03
-6.557240481489686745e-01 1.432836317434066928e-03
-6.496891361150551880e-01 8.289255663277928171e-04
-6.466738357916399504e-01 9.972330756672105460e-05
-6.431247488326455874e-01 3.084631168143782973e-04
-6.384839384651073146e-01 3.493881634144748870e-04
-6.337519307352140752e-01 2.463468299893895432e-04
-6.273161766447360455e-01 1.129712283267376950e-03
-6.144746698532440599e-01 4.870481526964224174e-04
-6.090079812717286156e-01 2.888033190704331261e-04
-6.063320531279877690e-01 8.631416747608888686e-04
-5.990319875808040040e-01 6.691606551890687672e-05
-5.956042023141485675e-01 1.549569198909051546e-03
-5.907711391836287795e-01 4.969011960309343287e-04
-5.843271174635771281e-01 3.170147674134199314e-04
-5.796497961184463588e-01 4.849956473741552735e-05
-5.754586785925448478e-01 5.169690680116322858e-04
-5.689204088197910014e-01 5.601856698137343618e-04
-5.670648979404944168e-01 5.441702320439830706e-05
-5.616028127404456560e-01 1.440429058898238949e-03
-5.556442599796231896e-01 4.036536849455391897e-05
-5.480511234872362802e-01 1.449870568297598888e-03
-5.461936251477543802e-01 3.268772208857399775e-04
-5.381548467467952568e-01 1.343212787484161308e-04
-5.340662611855093722e-01 8.206372887511604843e-06
-5.275841722598997308e-01 1.731147918597907476e-04
-5.231680102842064528e-01 1.482293414878648342e-03
-5.197604584576784870e-01 5.044391386582148737e-04
-5.184969041776184007e-01 2.486664669422846991e-03
-5.080191614152778090e-01 1.905303662001447485e-03
-5.025036986335766898e-01 9.952017778794995575e-04
-4.957003533801394024e-01 3.978916423533786478e-04
-4.905273884555725883e-01 2.126429850696980950e-04
-4.856662318110784304e-01 3.153233966964034447e-05
-4.826137271225843239e-01 1.151426851072079663e-03
-4.752781935217519349e-01 2.939151752008829972e-04
-4.715457267798244811e-01 5.108637422453321097e-04
-4.652944564664378002e-01 3.626873433831691675e-04
-4.604041148413610118e-01 9.309482733098539339e-04
-4.541421213212011310e-01 3.805977306769628248e-04
-4.501994267835905950e-01 3.465490044983922103e-05
-4.398282052245317542e-01 9.365795398426354844e-05
-4.362034172066578397e-01 4.551904250920842652e-04
-4.268131059572901620e-01 1.128581655829179187e-03
-4.195453008025262220e-01 1.039176567242046987e-05
-4.164349438534470371e-01 3.823961084235468497e-04
-4.119851704815798987e-01 8.725707578902169772e-04
-4.070918824328104146e-01 9.058166322076570637e-05
-3.987621447028977251e-01 1.388168908360055151e-04
-3.937427249766461967e-01 1.378812132410060060e-04
-3.892867055827384237e-01 1.365102284706723890e-03
-3.838479058365730223e-01 5.404258551032827549e-04
-3.753230801532835281e-01 1.161571223349807747e-03
-3.722655645788469081e-01 2.860333687015592045e-03
-3.641821974077209534e-01 1.449104257117498349e-04
-3.604587441695918382e-01 1.171984330881437747e-03
-3.531151301505137119e-01 9.268559464956111643e-05
-3.480772171803363513e-01 4.418436225822370438e-04
-3.449437957625813289e-01 7.713234627311823112e-05
-3.325900189563864018e-01 5.171181369278454775e-04
-3.294062970428678350e-01 2.363495258784012627e-03
-3.257226860029274196e-01 8.395660615959101535e-04
-3.190038470479858446e-01 7.752184555989009894e-04
-3.138640946053206093e-01 1.290302471435447436e-03
-3.095269983091314403e-01 1.191928616093720613e-03
-3.043256788775871580e-01 1.351953177497911040e-03
-3.006730602071657765e-01 1.008832139231753819e-03
-2.925500925294405308e-01 1.755322534026077397e-03
-2.877561954536743682e-01 1.758050657177815464e-05
-2.799135594280205974e-01 3.630831231029917554e-05
-2.771604699618758216e-01 6.241296054568140931e-04
-2.663333186180643630e-01 3.549344577580859942e-04
-2.644352695355831617e-01 6.559685856568670155e-04
-2.596396251493447438e-01 2.501986514265143262e-04
-2.532841906030955381e-01 6.290443949999508693e-04
-2.479286890827792078e-01 5.368707919686356789e-05
-2.415178799305375545e-01 4.398616997505410352e-04
-2.380749383792471474e-01 2.801557264312721542e-04
-2.258219164449170591e-01 2.155523644130838548e-05
-2.244938678379946317e-01 7.230398295788007012e-04
-2.187202889825750340e-01 6.359676554873600063e-04
-2.138970906550915485e-01 6.738546810808366020e-05
-2.090033536694034799e-01 4.478846720590221991e-05
-2.062094894403118384e-01 6.767032152655941572e-04
-1.979154535323457975e-01 8.880432888253606905e-04
-1.925471586744380847e-01 1.582496389804609728e-04
-1.887397591622558546e-01 3.451010721593194283e-04
-1.868680119536371975e-01 1.372452504110148724e-04
-1.765801557136367217e-01 3.224510365268615252e-04
-1.716766721722352007e-01 1.020280131253187717e-03
-1.676763916153684586e-01 3.928090710532726264e-04
-1.646080522896892218e-01 5.457780271078595274e-05
-1.599259823888598553e-01 1.945127613351068936e-04
-1.517898096641788763e-01 4.182582403200161853e-04
-1.445739322441517150e-01 1.714976779626199753e-03
-1.389563197100169845e-01 2.868612205052642385e-04
-1.320176446667991055e-01 1.488653721451347603e-03
-1.281513792571193910e-01 1.782438080513963646e-05
-1.243262365643885564e-01 1.224145616919295864e-03
-1.185093797242346703e-01 1.919177463650398666e-04
-1.136845341733479092e-01 2.952128253600892933e-04
-1.101380349156957927e-01 1.280797186201967062e-04
-1.053202284322699578e-01 5.836948963662359416e-05
-1.001980649891044128e-01 1.741934442418403394e-04
-9.790068332069604140e-02 3.227282406432050604e-04
-9.361606119867990627e-02 7.452165177385574723e-04
-8.797633403243478034e-02 1.503708299750509383e-04
-8.225849877444506297e-02 6.029323271690692276e-05
-7.654079427910444322e-02 1.666209752641420417e-04
-7.327384022531968633e-02 3.337350854670099770e-04
-6.754460413681773190e-02 1.016782678348310612e-03
-6.096944435588888545e-02 1.108879196342419651e-03
-5.408664078078846693e-02 6.620432607273489891e-05
-5.124159146230830575e-02 3.701982016596780736e-04
-4.217311402070639259e-02 1.219846512026298005e-04
-3.607609164880132280e-02 9.407975268725332846e-04
-3.194377500742617837e-02 2.897111696644890603e-04
-2.692827167499320731e-02 5.321411226632020508e-05
-2.290806170720851437e-02 2.945289857708589397e-04
-1.572612726926591112e-02 7.832142756931084651e-05
-7.294372625709034420e-03 7.976862484944711269e-05
-6.145934655826176818e-04 7.273694679148719503e-04
5.357956824973524046e-03 2.198846073177800151e-03
7.597647495052230887e-03 5.991695223699826465e-04
1.882951013337185592e-02 8.584584969779838169e-04
2.427257452297393314e-02 2.376957994726699303e-03
2.732895002282297731e-02 2.178882175502389843e-04
3.316560429698622164e-02 2.382972363575041729e-03
3.588689056534677402e-02 2.208464487383541392e-04
4.113388399454222938e-02 1.871147764074723068e-03
5.285738360113797357e-02 1.161971510460110384e-04
5.631528422186259097e-02 1.304753742383103039e-04
5.982287006658772166e-02 5.445187462886316070e-05
6.543005574972027283e-02 1.304334524653713795e-03
6.980000537343651612e-02 1.039556871088130737e-04
7.607714686813767113e-02 2.045039864957843862e-03
7.962381364313632359e-02 5.562655362683514631e-04
8.141627034512777250e-02 2.057733556442256542e-04
8.498857416974903156e-02 1.161154055369089267e-03
9.210828581924462855e-02 4.006867631976798370e-04
1.011254602430826377e-01 6.765971125556908151e-04
1.064462256893072001e-01 2.925132738224982439e-03
1.119235394007177115e-01 1.161457596080283294e-03
1.168829214175858000e-01 8.350972385854604470e-04
1.205291453907048060e-01 6.230769749482455849e-04
1.242485828375836654e-01 3.658813190952127392e-04
1.339381577457854078e-01 8.481632484066401780e-04
1.384921264842222666e-01 3.345558028394520021e-03
1.430619549456680351e-01 2.759912414555699012e-04
1.486029511347200238e-01 1.770906737974318849e-04
1.523656619340039153e-01 2.913617381851510988e-04
1.553650014865799456e-01 5.375582206604261754e-04
1.645214665095572348e-01 1.240567976089743899e-03
1.714291317416628546e-01 7.855934921514968680e-04
1.750900057754381234e-01 5.195308322447756257e-04
1.819578763809688027e-01 2.599595144570313304e-03
1.840610222824006215e-01 3.529188470059511332e-04
1.900181457548383857e-01 1.108657565200659557e-04
2.018664829121552817e-01 3.924699819319283993e-04
2.055249952075711151e-01 2.819595690735436340e-04
2.116567422297094270e-01 6.665180630979671765e-05
2.168752972340759477e-01 1.262815541637765865e-04
2.183466614273878170e-01 3.803411764450260937e-03
2.236366785947271618e-01 5.865374708152547691e-04
2.319949494192057315e-01 8.893099841985516694e-04
2.422399568260052982e-01 9.820259477903783840e-04
2.432251176553240635e-01 1.330258808436251660e-04
2.488878225350478757e-01 1.624102509151245731e-04
2.513715072822433338e-01 1.575435369156364686e-04
2.596697732271497361e-01 3.896948394301326087e-04
2.632777086080201334e-01 1.207215370215587768e-03
2.700390666083282709e-01 3.377879485162320122e-04
2.744092940079549958e-01 1.102341344348547461e-03
2.812156041225656322e-01 2.223529336017486047e-04
2.887811823397675171e-01 7.340399500864191757e-04
2.937042704377986202e-01 1.028098075864582270e-03
2.972564867710065784e-01 1.918126448614021235e-04
3.049415948308986657e-01 4.066257659091735712e-04
3.073997107484276459e-01 1.744909198177405205e-04
3.132270755698800535e-01 3.116812621527297674e-04
3.191531407191539049e-01 8.885161131851139526e-04
3.233666877128291706e-01 2.444074662254463581e-03
3.249057858644912034e-01 1.770096682807411389e-03
3.349117615703342543e-01 1.239622471738006633e-03
3.406507000404114249e-01 9.249551274394542631e-04
3.443926042392029263e-01 6.039613561416348189e-04
3.506137223639645972e-01 8.474785080464648486e-04
3.558297638004024321e-01 2.615610501387105103e-04
3.601007778010867355e-01 1.338761225820320463e-05
3.684031584785171232e-01 1.042082950412963555e-03
3.727900569342548764e-01 1.171736356078350227e-03
3.760397672157514970e-01 9.125847597218176037e-04
3.810673915792961441e-01 5.260176880569765630e-04
3.911064109677719336e-01 1.477070943852879973e-05
3.960397601369434750e-01 1.045419385074477825e-04
4.003252817132650354e-01 7.757637381958636547e-04
4.059267268135335893e-01 1.542347676380531401e-04
4.158399668442287478e-01 1.165709987329543876e-03
4.238149338387539045e-01 7.956535040404855174e-05
4.280748571834407934e-01 8.788517228367027576e-04
4.344927078420686151e-01 6.673138804150082577e-04
4.377210191481865076e-01 1.153414725592981707e-03
4.433572747254462265e-01 5.681743972095943432e-05
4.514698036046400631e-01 1.163005208657178066e-03
4.563422447061820653e-01 8.332214355952838932e-04
4.616365804563439812e-01 3.888156361799087577e-04
4.677833889789439481e-01 9.359916231603360268e-05
4.698053086177779170e-01 2.336054353466561419e-04
4.778412036163615650e-01 3.410545552379138918e-05
4.813827140353953982e-01 2.205900883037549120e-03
4.859401922445545363e-01 1.359319913701242596e-03
4.884453699610091237e-01 4.910980573522547065e-04
4.966976814100496074e-01 5.740195507679417188e-04
5.020700849776029706e-01 1.310858755571168597e-03
5.072952981595355570e-01 5.063527449012667067e-04
5.125416739463105609e-01 2.008901339939791163e-03
5.185320146749353709e-01 4.806703325219656821e-04
5.273564875182313871e-01 8.875931656725878421e-04
5.347193409557637889e-01 8.193066372300967116e-04
5.388949143624897076e-01 4.423539099664337859e-04
5.431578509472460015e-01 1.573259734139986462e-03
5.481453875009150156e-01 3.565555794512490721e-04
5.554675913597960646e-01 4.066883907098075044e-05
5.593137762711954952e-01 5.751846455740268542e-05
5.626298230966825242e-01 1.112515681076566574e-04
5.686080355643720052e-01 1.696528126684884903e-03
5.795782670989660934e-01 4.834581774332475431e-04
5.840359421921225147e-01 7.077252606179579644e-04
5.870185887852165108e-01 2.504049529674382750e-04
5.890998351647815934e-01 1.505451043083411286e-03
5.953897021965706138e-01 7.284644974382103707e-04
5.999790115281684599e-01 2.450286560449943703e-04
6.056288799276554613e-01 3.404226689690496442e-04
6.110310370239107058e-01 2.126710646317270237e-04
6.151832080312137352e-01 1.661850644081058244e-05
6.214410064554057866e-01 1.412313904813532694e-04
6.279216610252228437e-01 3.328242364199373622e-05
6.358122196182254271e-01 6.629987029424353091e-04
6.398115073838138711e-01 1.634807660512546028e-04
6.419188615146104171e-01 7.738117401167269194e-04
6.498561753260241325e-01 3.383268998321306955e-04
6.564963941503108025e-01 1.264064105571316898e-04
6.637312729275269829e-01 6.382296842036102496e-04
6.678251439705440440e-01 4.948762486685980792e-04
6.743291985553672152e-01 1.576042977746779095e-03
6.813211540291307378e-01 1.969518331806139385e-03
6.848424985648057239e-01 1.837271125696101877e-03
6.902895492892535678e-01 4.740318409722577356e-04
6.964993567148506370e-01 1.129656009648632954e-04
6.984369496751950956e-01 1.943042726937441525e-03
7.049741922163491603e-01 2.913884656319875124e-04
7.136165543181371973e-01 6.344369763662610021e-04
7.201191276260112684e-01 5.257850770222108425e-04
7.211304227318354743e-01 1.010808111041113346e-03
7.256974154518426312e-01 6.292182744730933069e-04
7.362327519385938324e-01 9.543721418085518156e-05
7.417169580319812328e-01 1.744797693676080740e-03
7.431790768080946963e-01 4.470423976245847678e-04
7.532318246266180850e-01 5.025126484418287586e-04
7.560058044383111131e-01 1.831294559096285999e-03
7.597711173459703593e-01 1.259618279710944620e-03
7.650319333922296350e-01 6.391466953246802618e-04
7.768702743083119033e-01 6.968571905299398607e-04
7.782210093234854797e-01 1.242285985442907813e-04
7.863290683688118898e-01 1.259728626740407563e-04
7.926117956098488460e-01 3.437731039182932583e-04
7.992066398070906130e-01 1.707700814214491115e-03
8.088295526500477450e-01 1.020562937621433868e-03
8.187454073578286362e-01 7.704486158993455961e-04
8.234994195281226670e-01 1.462824090577679627e-03
8.264890727985961805e-01 1.824560742192645043e-03
8.353024050486245189e-01 1.652880222718352892e-03
8.382834325859765956e-01 3.488213183279245504e-03
8.424737557392744103e-01 6.828027845651922079e-06
8.512279331904317736e-01 4.591259051737698476e-05
8.531440574620039463e-01 1.356750149076453972e-03
8.591880928367736647e-01 2.138840996885181425e-04
8.618128024784386110e-01 1.058380976963658668e-03
8.669900366619454068e-01 9.551977241864062322e-04
8.775983623774875619e-01 1.176578685312346757e-03
8.807503810592076654e-01 5.204900451788927167e-04
8.883279219312418817e-01 1.836614904012449185e-03
8.936492596421886647e-01 2.581428244454479965e-04
8.997429964226866250e-01 9.459571448821380620e-04
9.046031664557594443e-01 1.565694203162986721e-03
9.109721387616284138e-01 9.309381637981134971e-04
9.150827000107230047e-01 2.640694146170935886e-03
9.257951238293805618e-01 3.442966491623574527e-04
9.308847064579816033e-01 1.550803381488702456e-04
9.384888281020181688e-01 5.591354696246551284e-04
9.436655443605347360e-01 2.481810492860772144e-04
9.480612772400571764e-01 1.604045983786383102e-04
9.544082809421952085e-01 9.716257407039541674e-04
9.571864180630160757e-01 8.662207608531382892e-05
9.666503475038279447e-01 1.022171520495504955e-04
9.752298218400794472e-01 6.608212930037264459e-04
9.778837920385778926e-01 2.338396767270771893e-04
9.873388284203621357e-01 1.502044481126236846e-03
9.958009458508764178e-01 8.118306595561062752e-04
9.993298897896558675e-01 4.255151322978414723e-04
1.010324354483607801e+00 6.411591385515804514e-04
1.014970073421749497e+00 1.212551659957556999e-03
1.018703126068234432e+00 1.633681928451576743e-04
1.021162053877010534e+00 1.091649148232528991e-03
1.036427960624780820e+00 1.075716390618115109e-03
1.039473401568634658e+00 2.216262027583339894e-04
1.047400967808204131e+00 2.753850201213653339e-03
1.052420842959857605e+00 7.844044516059024542e-06
1.057261225362525314e+00 1.792167012593806152e-04
1.063484398821604504e+00 4.784652434915732792e-04
1.071323169716518864e+00 1.906461295644127914e-04
1.072893541216337399e+00 2.069879643678703654e-04
1.079737712333525890e+00 6.667536108617452655e-04
1.084695396761677699e+00 8.723229990768894160e-05
1.092911986583076311e+00 6.380318166207112692e-05
1.100257172062873323e+00 1.644283110071579962e-03
1.104883639027083087e+00 9.032453076315569498e-04
1.111723693452542516e+00 7.816933092259109074e-04
1.115278101750619921e+00 4.003773744165471833e-04
1.121631005048511875e+00 1.498313585853692413e-03
1.130002725698548982e+00 5.452525153130316970e-04
1.139893480291562122e+00 1.992906970075182093e-03
1.145864810632597042e+00 3.573238504327594725e-04
1.152825045096151246e+00 9.658011283768857801e-06
1.156079547739378377e+00 1.358458314932741448e-03
1.160834544797116230e+00 4.785365973882737504e-05
1.170710405132033172e+00 1.985152092903962582e-04
1.174462871423916699e+00 9.442289615118352932e-04
1.184279714131716954e+00 5.906422212308997706e-05
1.192986279583659881e+00 6.805628014465948603e-04
1.200943397845082972e+00 3.938642655474291609e-04
1.202536251151870905e+00 3.509610194640034914e-04
1.207958382734445113e+00 3.876130279485515986e-04
1.212666311337407210e+00 1.477788700754815185e-04
1.222675010018260622e+00 1.630179270402954143e-04
1.234500140938387336e+00 3.577273039748527883e-04
1.237632419370257697e+00 1.127886080870397871e-03
1.240398143858703506e+00 6.949636911773059752e-04
1.245733457718339210e+00 1.454003444268002964e-04
1.250164487316710815e+00 4.273889849607624957e-05
1.260728185708511973e+00 1.511319537364984224e-03
1.270362402174599836e+00 1.710368565634003699e-03
1.276745066687809516e+00 7.967127561019121847e-04
1.281012217231039862e+00 3.123046850667997396e-04
1.287365087972437871e+00 5.234630064186799854e-04
1.297885073123000055e+00 5.763609712908898848e-04
1.302882014551941081e+00 8.513120638152145300e-06
1.308214902622933051e+00 1.040599794864327044e-03
1.314035217779638831e+00 6.335195351225314953e-04
1.320856745562857704e+00 8.054775604167385954e-04
1.327164870969494315e+00 1.203851021839612940e-03
1.332763418717364479e+00 1.010556102660564531e-04
1.336657149084938379e+00 9.344699930757230551e-05
1.341947024221176843e+00 1.711002767110193388e-03
1.347304382550146729e+00 3.670425635152960446e-04
1.357448571618212974e+00 1.719985940202847481e-03
1.365625224997545795e+00 5.307702370189117287e-04
1.371525543188090834e+00 3.326302207309335635e-05
1.373524588533077351e+00 2.256414038842054616e-04
1.383565557970293014e+00 2.351829839132495853e-03
1.387899414017076394e+00 1.402284284646960468e-03
1.391722720397482238e+00 7.509437798603152241e-04
1.397339908612616810e+00 1.538636806070703151e-03
1.404487919307517263e+00 5.664244868145148571e-04
1.407517312660543141e+00 2.085989747111998034e-03
1.415291229827415620e+00 5.842857530961260764e-04
1.422407664358383395e+00 1.513980813482327184e-04
1.433625508678924021e+00 1.864382595336854019e-04
1.439123726977630469e+00 1.087383276575476856e-03
1.443590689637268332e+00 6.392916255379190458e-04
1.452948461810206426e+00 3.108455202064497715e-04
1.457876433765993962e+00 1.439898724211622748e-03
1.464259928947081013e+00 4.950577531643263977e-04
1.469140345593085817e+00 1.053544476317239348e-03
1.475019673830229250e+00 7.906075017116309276e-04
1.481835783255438521e+00 3.713261331168058940e-03
1.486934481317389256e+00 3.831052549281143728e-03
1.492611704825934416e+00 9.589460868461108321e-04
1.502406229175400565e+00 3.874347109261809660e-04
1.504237216738979477e+00 1.061858144103277864e-03
1.514334647035523673e+00 1.398015730725212121e-04
1.527221469402748832e+00 1.268322669720063387e-05
1.531883785939133436e+00 5.496912507602971223e-04
1.537951661900331723e+00 1.499852109738286469e-03
1.549490355923770046e+00 6.178379018063322875e-04
1.554367231516995185e+00 1.053614059901153508e-03
1.560076978351097265e+00 1.336029823099725393e-04
1.567479438417610282e+00 1.225562244620014051e-03
1.573094541958941717e+00 6.534009080569640930e-04
1.576979459291438568e+00 3.377707961471801239e-04
1.587374988117792540e+00 2.040528716926510566e-03
1.595560445210944867e+00 2.187777975521403744e-04
1.605096005683600113e+00 1.311793211875427747e-04
1.610352101784084944e+00 8.570385314196616016e-05
1.622145448342492191e+00 8.467784931148753923e-04
1.624783721541388060e+00 5.162567673914438861e-04
1.632901880462375388e+00 9.136933176152011024e-04
1.637747622508771483e+00 7.290237410879595297e-04
1.643761779243389176e+00 1.329550114417686569e-03
1.656269459924974097e+00 3.213956074684631544e-04
1.660768778656396938e+00 6.383002123242928700e-04
1.674098181708163047e+00 4.408053997377914843e-04
1.678128330124200485e+00 3.857066307899628243e-03
1.685898363525934585e+00 1.095129060242114571e-05
1.691419784533256809e+00 5.077438877741311798e-04
1.702132391782241738e+00 1.889720275742043463e-03
1.709596152189985840e+00 1.076568436984806816e-03
1.721555100438403541e+00 1.397126178120640253e-03
1.728455257373004317e+00 5.648032740555619961e-04
1.732039372957060452e+00 6.089038978763086163e-04
1.740060070648800084e+00 1.123881979493182495e-03
1.746568690138001090e+00 1.911320028460637902e-05
1.751933798262708120e+00 6.746972867520040673e-05
1.765245402596997693e+00 1.834352244551087311e-03
1.775567516046372196e+00 4.374401044319563411e-04
1.780942549985755186e+00 2.578977974842158044e-03
1.788042620471356203e+00 3.719989414837462818e-04
1.796148885912161264e+00 1.250612444780022179e-03
1.803376669727908332e+00 1.671251784986566968e-03
1.807054409241512172e+00 1.056053019417613724e-03
1.814597975287086440e+00 7.489130361829355849e-04
1.825839443175464538e+00 4.693497070258652445e-04
1.835245848383634470e+00 1.171677709645657650e-03
1.842796365343850162e+00 1.402294309381035657e-03
1.852077562135534761e+00 1.493879930379918546e-03
1.861544441909078529e+00 5.071512032397315324e-04
1.872513988789470396e+00 1.444268719411168946e-03
1.876568075688425763e+00 5.184074209659018115e-04
1.882661580460669670e+00 8.291251975129237690e-04
1.888708871009479262e+00 2.397621892491242322e-03
1.898434160391421655e+00 1.519149417885501613e-03
1.907555973622719669e+00 3.249218237644709581e-04
1.919727712817279608e+00 1.435139870883231404e-04
1.922932000570436450e+00 3.943403197007697863e-04
1.934745515126478521e+00 3.807039315823799530e-04
1.940172903871589805e+00 1.184493554181829120e-03
1.943677892711640265e+00 2.958692228945987023e-04
1.957177662796726780e+00 6.751953825024126265e-04
1.964026148580946707e+00 2.514092419405417294e-04
1.971221274906133525e+00 1.468905104435414260e-03
1.974884630251727113e+00 1.766222226939606881e-04
1.988385957806802384e+00 2.220382445724763704e-04
1.994249105346727058e+00 4.379296059743516853e-04
2.006942024147437387e+00 1.220371974384045307e-04
2.015129937073368183e+00 2.947665713361373257e-04
2.023024368066018930e+00 2.223156630319341864e-03
2.033106476223411896e+00 2.442866827359157340e-04
2.040869804680926158e+00 1.341073644519299828e-03
2.045751035692611630e+00 9.114832416318882592e-04
2.058459591214762074e+00 9.891747282809715529e-04
2.061996985861023202e+00 2.142627218143850452e-03
2.069975164503588427e+00 1.846376104666198068e-03
2.076701321239724951e+00 2.321525797818374363e-03
2.088930128543565523e+00 8.768000703514638658e-04
2.094361488767002566e+00 1.941792629618761985e-03
2.108534857305034649e+00 1.792465399024963492e-03
2.114642567866412470e+00 2.009307504163931630e-03
2.123629472731154433e+00 2.827324817851139659e-03
2.133525597665393736e+00 1.460210979036406396e-03
2.141904699974247706e+00 5.462425709645265864e-06
2.152509669441022400e+00 1.087542836092215363e-03
2.156467795906976459e+00 6.838801706282656313e-04
2.160267549528838593e+00 9.522572114963961075e-04
2.167169759861927947e+00 3.022817923327653515e-05
2.179403998076333338e+00 8.820438836302385305e-04
2.191092914038560213e+00 4.184800687794193799e-04
2.199537724617711909e+00 1.364949030604597482e-03
2.208231800277315138e+00 1.033334320127010929e-04
2.219861365393484220e+00 8.189167621782217311e-04
2.231488015071199982e+00 1.393179408974856183e-03
2.241945053244387420e+00 4.546074356781748993e-04
2.248615089733046801e+00 1.308761022036683108e-03
2.256643891177640526e+00 5.278908090555507811e-06
2.265734394416259345e+00 2.379722009861226604e-04
2.273673440143882285e+00 1.718486703711395551e-03
2.281905474857921945e+00 1.577044024004487085e-03
2.287160474842139024e+00 3.043726080191933351e-04
2.305004116942130477e+00 1.614336413420339482e-03
2.310317164462278861e+00 2.754615620182033087e-04
2.327557267571538802e+00 1.693963554901344211e-03
2.340379929722212093e+00 1.377482395569469510e-03
2.346766541702947961e+00 5.019098283109839007e-03
2.352657391094265638e+00 1.829991748249081181e-04
2.364100637711495700e+00 3.615030788081901149e-04
2.373229943491109051e+00 1.655571938706587500e-03
2.382945453902154842e+00 2.827422692614949885e-04
2.395958110752605119e+00 1.019868618373863346e-03
2.398556981879595096e+00 8.207146756156286039e-04
2.410375451879822606e+00 4.067857879083696705e-03
2.425571632910857645e+00 2.121533461839199633e-04
2.431317224040349778e+00 6.058924621499362862e-04
2.436664216520933124e+00 8.056844738862889129e-04
2.444878722956408623e+00 1.051773983584548648e-03
2.466002965046596884e+00 1.393699194825534103e-04
2.476978223371361310e+00 8.130650950977504976e-04
2.486531171412850405e+00 1.606454956892907791e-03
2.497705049512601860e+00 2.324922882851691592e-03
2.504631001271760748e+00 1.981874960239973261e-03
2.510159338616085201e+00 3.717677362403887839e-05
2.528605598987967440e+00 1.311053170647477660e-03
2.545415355484503372e+00 1.263390359638595737e-04
2.553217289305126148e+00 1.385766227197421764e-03
2.565346623050019037e+00 6.688901692682956701e-04
2.574479749780752780e+00 7.743429469397252211e-04
2.587754530380768969e+00 3.224556851628689828e-03
2.602696566375735987e+00 2.599386846005884676e-03
2.609669519697193962e+00 1.157621905614821369e-03
2.619330461124922849e+00 9.247153563204028425e-05
2.633252538671016385e+00 2.317835546979657609e-03
2.636157724184283513e+00 1.952811675159629636e-03
2.654405236236486942e+00 7.289441601874505766e-03
2.658339385703607949e+00 2.400173523807213119e-03
2.671612697354493804e+00 9.691981080815003464e-04
2.693798708749796322e+00 1.750569880510004749e-03
2.702711234621872460e+00 1.262809091948090029e-04
2.710140975804661512e+00 2.083040995296272027e-03
2.729261797211000484e+00 7.366525544081555269e-04
2.743622777528334833e+00 2.450494217531776989e-03
2.751786471359141562e+00 9.863360633435992297e-04
2.781621285759453333e+00 7.954373386102048379e-04
2.788021631826360203e+00 1.296506877663566827e-03
2.801948457620447641e+00 1.587279914528205368e-03
2.829285558990990879e+00 3.071813358057478042e-04
2.843138410461317100e+00 2.080279876500510500e-04
2.853186753216746752e+00 7.978394510116664385e-04
2.867741560930201938e+00 8.797622312864491372e-05
2.877978652893763645e+00 3.642281342311292193e-04
2.889991377469731670e+00 1.744911289602171485e-03
2.897584910152834148e+00 2.765950881337529959e-03
2.915662007470402273e+00 8.221059836674060508e-04
2.926195645633093534e+00 6.564378497395783468e-04
2.939672826314785326e+00 1.926279866316851514e-03
2.953258811761629410e+00 7.737540196376134537e-04
2.963741536311021996e+00 1.451930334266356495e-03
2.975581447630802678e+00 2.002548122523141634e-03
2.985321057047358284e+00 3.551838995347919841e-03
2.990448502303419964e+00 9.481855270633333423e-04
3.013430530016758979e+00 2.906873618766773093e-04
3.032252009466796849e+00 3.805281892881358786e-04
3.045927860390555963e+00 2.264214732256151130e-04
3.050070240002136668e+00 1.238713758659555110e-03
3.077106585025694230e+00 1.583139279419239166e-04
3.095487890922395735e+00 7.009652625706017711e-04
3.128632814045795296e+00 5.617715021507996460e-03
3.138493011054629633e+00 3.402677506998381214e-04
3.147964452529500967e+00 3.203849562332295895e-04
3.171632301371734020e+00 3.285867922260308311e-04
3.179217189729326876e+00 3.585880263124282727e-04
3.199006590483524537e+00 9.731656973636393663e-05
3.207062682172662882e+00 3.270927228689187133e-04
3.223266582053770257e+00 9.691370668137410781e-04
3.225868982867327706e+00 6.138350302552764951e-05
3.247160804353255603e+00 6.581228687536878289e-04
3.254615090073430750e+00 1.072019424640745320e-03
3.271356994062630363e+00 1.012151683057803874e-03
3.283780863679334416e+00 9.355247224863718052e-04
3.295705926493022631e+00 8.733639113030328659e-04
3.309058430319478106e+00 4.911039777699373506e-03
3.326520496246446967e+00 5.578383426775490074e-03
3.348284589546904222e+00 6.995379821504579994e-03
3.355906644587443921e+00 4.152474019998747849e-04
3.374758124788323599e+00 6.050630831155940281e-04
3.390241682104329080e+00 3.034936681645131955e-04
3.399530160378935406e+00 7.384174605290087009e-04
3.407210990059629907e+00 5.618150331029894527e-05
3.439494365913782215e+00 7.297781483941907527e-04
3.449491206857040915e+00 6.558470355436628318e-04
3.494906417771918239e+00 2.454732695558455935e-04
3.502352254469291548e+00 9.822675405540357702e-04
3.513021274239410907e+00 6.058354350360657540e-04
3.540086619045348826e+00 7.432657247178807653e-04
3.552684482944808764e+00 3.631617898163205013e-03
3.578466709285355485e+00 2.151063711058810290e-03
3.584212949856905972e+00 3.670083313085264077e-03
3.596735511535015917e+00 7.821965494631212892e-03
3.643541635246151600e+00 3.648676713558975256e-04
3.665460931307656267e+00 8.494289377299709190e-03
3.688752609072297517e+00 8.310739730833381807e-04
3.712745100066168646e+00 9.528868683323949308e-05
3.745002224173671124e+00 3.364307148106994525e-03
3.756906257409728056e+00 2.693806943393627518e-04
3.783813328162889178e+00 2.378500888809358550e-03
3.811957579848971545e+00 4.933972096165818158e-04
3.823278392188237174e+00 1.403727383748591077e-03
3.834485979965515323e+00 2.620662714881495420e-04
3.859658833569088898e+00 6.156734312755030069e-04
3.891963136558246550e+00 2.038572729892958787e-03
3.901293776584233264e+00 2.641032507602625919e-03
3.943349060030058695e+00 4.647463633680576009e-03
3.952995976283316448e+00 5.399493918203845423e-03
3.976582567427634274e+00 7.538298423844967070e-05
4.014865485636709863e+00 1.973830886404870713e-03
4.028458616173013596e+00 2.863017123763749935e-03
4.063130794681134361e+00 3.866995124079036783e-03
4.117128135631318742e+00 7.014177735489833011e-03
4.156950223378974130e+00 6.285996820590437038e-03
4.187544066764283812e+00 2.481555214972026922e-04
4.230110200243942131e+00 5.619265285931267619e-04
4.286485874135895102e+00 1.345826751261478102e-04
4.311419222957512787e+00 2.010890938422139895e-03
4.331527228686571362e+00 2.228680666248784739e-04
4.375127157157907121e+00 7.331277789778540069e-03
4.421374212574114893e+00 1.248106822332476168e-04
4.463369836530665324e+00 1.482846493429188688e-03
4.500369582454004203e+00 1.420212864551131981e-03
4.537152256771110004e+00 1.088172797477833433e-03
4.561941102768789946e+00 9.736455392714356456e-04
4.624811812957695167e+00 4.122890939192532704e-04
4.677424995117556605e+00 2.159489523491499828e-03
4.746874824426102535e+00 3.484994513214483003e-03
4.772408326814929325e+00 2.003503924387028089e-03
4.816620874172787836e+00 7.526211591052887071e-04
4.895976098686652733e+00 6.040315100944794284e-03
4.920003428981733151e+00 4.029381640026873795e-03
5.001590103340571858e+00 1.425577592929003342e-03
5.044067163836519541e+00 1.496077211024974792e-03
5.139913756740618567e+00 2.014189196046758251e-03
5.165555920824985492e+00 1.484937073175295009e-04
5.228046265777487989e+00 2.792544944317679819e-04
5.296106178606986958e+00 1.613341518739185715e-02
5.369223629756346483e+00 1.665105374031546764e-02
5.419179220521792573e+00 3.944886713929197757e-03
5.535733851606117639e+00 2.967378789421600688e-03
5.655080850709438778e+00 1.301290646882082491e-03
5.756193829693396324e+00 2.021914145533043659e-04
5.839531151204468529e+00 7.779394322290439584e-04
6.060637038998168080e+00 1.693516032215930823e-03
6.228557604902679401e+00 1.106676796967304664e-03
6.396765577875548558e+00 2.094570807355579985e-03
6.712221538495384721e+00 2.319647071613660863e-02
7.921059328971535862e+00 7.907359457091148874e-03
