-6.036323169259001808e+00 2.353451460728967458e-03
-5.066848541759468638e+00 1.561809300177476913e-02
-4.621064444625871737e+00 0.000000000000000000e+00
-4.621064444625869960e+00 0.000000000000000000e+00
-3.948463195711209295e+00 0.000000000000000000e+00
-3.948463195711207963e+00 0.000000000000000000e+00
-3.920746018090862428e+00 5.219991563031874809e-02
-3.899993491449772698e+00 0.000000000000000000e+00
-3.899993491449772698e+00 0.000000000000000000e+00
-3.899993491449772698e+00 0.000000000000000000e+00
-3.899993491449772698e+00 0.000000000000000000e+00
-3.899993491449772698e+00 0.000000000000000000e+00
-3.899993491449770922e+00 0.000000000000000000e+00
-3.899993491449770922e+00 0.000000000000000000e+00
-3.899993491449770922e+00 0.000000000000000000e+00
-3.899993491449770922e+00 0.000000000000000000e+00
-3.899993491449770922e+00 0.000000000000000000e+00
-3.563324053972004801e+00 0.000000000000000000e+00
-3.563324053972003469e+00 0.000000000000000000e+00
-3.529036976415904636e+00 0.000000000000000000e+00
-3.529036976415903304e+00 0.000000000000000000e+00
-3.317496872634849048e+00 0.000000000000000000e+00
-3.317496872634849048e+00 0.000000000000000000e+00
-3.317496872634849048e+00 0.000000000000000000e+00
-3.317496872634849048e+00 0.000000000000000000e+00
-3.317496872634847715e+00 0.000000000000000000e+00
-3.317496872634847715e+00 0.000000000000000000e+00
-3.317496872634847271e+00 0.000000000000000000e+00
-3.317496872634847271e+00 0.000000000000000000e+00
-3.317496872634847271e+00 0.000000000000000000e+00
-3.317496872634847271e+00 0.000000000000000000e+00
-3.087728703840472377e+00 1.926620662756614978e-03
-3.087366486792877396e+00 0.000000000000000000e+00
-3.087366486792877396e+00 0.000000000000000000e+00
-2.733840233821231536e+00 0.000000000000000000e+00
-2.733840233821231536e+00 0.000000000000000000e+00
-2.733840233821231536e+00 0.000000000000000000e+00
-2.733840233821231536e+00 0.000000000000000000e+00
-2.733840233821231536e+00 0.000000000000000000e+00
-2.733840233821231536e+00 0.000000000000000000e+00
-2.733840233821230203e+00 0.000000000000000000e+00
-2.733840233821229759e+00 0.000000000000000000e+00
-2.733840233821229759e+00 0.000000000000000000e+00
-2.733840233821229759e+00 0.000000000000000000e+00
-2.676243198995259753e+00 0.000000000000000000e+00
-2.676243198995259753e+00 0.000000000000000000e+00
-2.676243198995259753e+00 0.000000000000000000e+00
-2.676243198995259753e+00 0.000000000000000000e+00
-2.676243198995259309e+00 0.000000000000000000e+00
-2.676243198995259309e+00 0.000000000000000000e+00
-2.676243198995258865e+00 0.000000000000000000e+00
-2.676243198995257977e+00 0.000000000000000000e+00
-2.676243198995257977e+00 0.000000000000000000e+00
-2.676243198995257977e+00 0.000000000000000000e+00
-2.661720461179688968e+00 1.173054789770336115e-01
-2.626576700266945785e+00 0.000000000000000000e+00
-2.626576700266945785e+00 0.000000000000000000e+00
-2.564274364345646262e+00 0.000000000000000000e+00
-2.564274364345646262e+00 0.000000000000000000e+00
-2.419990763616578278e+00 0.000000000000000000e+00
-2.419990763616578278e+00 0.000000000000000000e+00
-2.349811396887420578e+00 0.000000000000000000e+00
-2.349811396887420578e+00 0.000000000000000000e+00
-2.349811396887419246e+00 0.000000000000000000e+00
-2.349811396887419246e+00 0.000000000000000000e+00
-2.349811396887419246e+00 0.000000000000000000e+00
-2.349811396887419246e+00 0.000000000000000000e+00
-2.349811396887419246e+00 0.000000000000000000e+00
-2.349811396887417914e+00 0.000000000000000000e+00
-2.349811396887417914e+00 0.000000000000000000e+00
-2.349811396887417914e+00 0.000000000000000000e+00
-2.286902749829981651e+00 0.000000000000000000e+00
-2.286902749829981651e+00 0.000000000000000000e+00
-2.135779205069857412e+00 0.000000000000000000e+00
-2.135779205069857412e+00 0.000000000000000000e+00
-2.135779205069857412e+00 0.000000000000000000e+00
-2.135779205069857412e+00 0.000000000000000000e+00
-2.135779205069857412e+00 0.000000000000000000e+00
-2.135779205069857412e+00 0.000000000000000000e+00
-2.135779205069857412e+00 0.000000000000000000e+00
-2.135779205069857412e+00 0.000000000000000000e+00
-2.135779205069857412e+00 0.000000000000000000e+00
-2.135779205069857412e+00 0.000000000000000000e+00
-2.135779205069856967e+00 0.000000000000000000e+00
-2.135779205069856967e+00 0.000000000000000000e+00
-2.135779205069856967e+00 0.000000000000000000e+00
-2.135779205069856967e+00 0.000000000000000000e+00
-2.135779205069856967e+00 0.000000000000000000e+00
-2.135779205069855635e+00 0.000000000000000000e+00
-2.135779205069855635e+00 0.000000000000000000e+00
-2.135779205069855635e+00 0.000000000000000000e+00
-2.135779205069855635e+00 0.000000000000000000e+00
-2.135779205069855635e+00 0.000000000000000000e+00
-2.061913455175328203e+00 0.000000000000000000e+00
-2.061913455175326870e+00 0.000000000000000000e+00
-2.061913455175326870e+00 0.000000000000000000e+00
-2.061913455175326426e+00 0.000000000000000000e+00
-2.061913455175326426e+00 0.000000000000000000e+00
-2.061913455175326426e+00 0.000000000000000000e+00
-2.061913455175326426e+00 0.000000000000000000e+00
-2.061913455175326426e+00 0.000000000000000000e+00
-2.061913455175326426e+00 0.000000000000000000e+00
-2.061913455175325094e+00 0.000000000000000000e+00
-2.000000000000000888e+00 0.000000000000000000e+00
-2.000000000000000888e+00 0.000000000000000000e+00
-2.000000000000000888e+00 0.000000000000000000e+00
-1.999999999999999778e+00 0.000000000000000000e+00
-1.999999999999999112e+00 0.000000000000000000e+00
-1.964080191700708244e+00 0.000000000000000000e+00
-1.964080191700707356e+00 0.000000000000000000e+00
-1.964040707234373073e+00 1.707948015217286184e-04
-1.961899751257834446e+00 0.000000000000000000e+00
-1.961899751257833557e+00 0.000000000000000000e+00
-1.961899751257833557e+00 0.000000000000000000e+00
-1.961899751257832669e+00 0.000000000000000000e+00
-1.961899751257832225e+00 0.000000000000000000e+00
-1.961899751257832225e+00 0.000000000000000000e+00
-1.961899751257832225e+00 0.000000000000000000e+00
-1.961899751257832225e+00 0.000000000000000000e+00
-1.961899751257832225e+00 0.000000000000000000e+00
-1.961899751257832225e+00 0.000000000000000000e+00
-1.959258902775875999e+00 4.589227137366960231e-03
-1.943519346535966807e+00 0.000000000000000000e+00
-1.943519346535966807e+00 0.000000000000000000e+00
-1.618033988749895347e+00 0.000000000000000000e+00
-1.618033988749895347e+00 0.000000000000000000e+00
-1.618033988749894903e+00 0.000000000000000000e+00
-1.618033988749894903e+00 0.000000000000000000e+00
-1.618033988749894903e+00 0.000000000000000000e+00
-1.618033988749894903e+00 0.000000000000000000e+00
-1.618033988749894903e+00 0.000000000000000000e+00
-1.618033988749894903e+00 0.000000000000000000e+00
-1.618033988749894903e+00 0.000000000000000000e+00
-1.618033988749893570e+00 0.000000000000000000e+00
-1.555521774759916820e+00 0.000000000000000000e+00
-1.555521774759916820e+00 0.000000000000000000e+00
-1.488517766153198085e+00 0.000000000000000000e+00
-1.488517766153198085e+00 0.000000000000000000e+00
-1.414213562373096700e+00 0.000000000000000000e+00
-1.414213562373096700e+00 0.000000000000000000e+00
-1.414213562373096700e+00 0.000000000000000000e+00
-1.414213562373096700e+00 0.000000000000000000e+00
-1.414213562373096700e+00 0.000000000000000000e+00
-1.414213562373096700e+00 0.000000000000000000e+00
-1.414213562373095812e+00 0.000000000000000000e+00
-1.414213562373095812e+00 0.000000000000000000e+00
-1.414213562373095812e+00 0.000000000000000000e+00
-1.414213562373095368e+00 0.000000000000000000e+00
-1.414213562373095368e+00 0.000000000000000000e+00
-1.414213562373095145e+00 0.000000000000000000e+00
-1.414213562373095145e+00 0.000000000000000000e+00
-1.414213562373095145e+00 0.000000000000000000e+00
-1.414213562373095145e+00 0.000000000000000000e+00
-1.414213562373095145e+00 0.000000000000000000e+00
-1.414213562373095145e+00 0.000000000000000000e+00
-1.414213562373094923e+00 0.000000000000000000e+00
-1.414213562373094923e+00 0.000000000000000000e+00
-1.414213562373094923e+00 0.000000000000000000e+00
-1.414213562373094923e+00 0.000000000000000000e+00
-1.414213562373094923e+00 0.000000000000000000e+00
-1.414213562373094923e+00 0.000000000000000000e+00
-1.414213562373094923e+00 0.000000000000000000e+00
-1.414213562373094923e+00 0.000000000000000000e+00
-1.414213562373094923e+00 0.000000000000000000e+00
-1.414213562373094923e+00 0.000000000000000000e+00
-1.414213562373094923e+00 0.000000000000000000e+00
-1.414213562373094923e+00 0.000000000000000000e+00
-1.414213562373094923e+00 0.000000000000000000e+00
-1.414213562373094923e+00 0.000000000000000000e+00
-1.414213562373094923e+00 0.000000000000000000e+00
-1.414213562373094923e+00 0.000000000000000000e+00
-1.414213562373094923e+00 0.000000000000000000e+00
-1.414213562373094923e+00 0.000000000000000000e+00
-1.414213562373094923e+00 0.000000000000000000e+00
-1.414213562373094923e+00 0.000000000000000000e+00
-1.414213562373094923e+00 0.000000000000000000e+00
-1.414213562373094923e+00 0.000000000000000000e+00
-1.414213562373094923e+00 0.000000000000000000e+00
-1.414213562373094923e+00 0.000000000000000000e+00
-1.414213562373094923e+00 0.000000000000000000e+00
-1.414213562373094923e+00 0.000000000000000000e+00
-1.414213562373094923e+00 0.000000000000000000e+00
-1.414213562373094923e+00 0.000000000000000000e+00
-1.414213562373094923e+00 0.000000000000000000e+00
-1.414213562373094923e+00 0.000000000000000000e+00
-1.414213562373094923e+00 0.000000000000000000e+00
-1.414213562373094923e+00 0.000000000000000000e+00
-1.414213562373094923e+00 0.000000000000000000e+00
-1.414213562373094923e+00 0.000000000000000000e+00
-1.414213562373094923e+00 0.000000000000000000e+00
-1.414213562373094923e+00 0.000000000000000000e+00
-1.414213562373094923e+00 0.000000000000000000e+00
-1.414213562373094479e+00 0.000000000000000000e+00
-1.414213562373094479e+00 0.000000000000000000e+00
-1.414213562373094479e+00 0.000000000000000000e+00
-1.414213562373094479e+00 0.000000000000000000e+00
-1.414213562373093591e+00 0.000000000000000000e+00
-1.414213562373093591e+00 0.000000000000000000e+00
-1.414213562373093591e+00 0.000000000000000000e+00
-1.343513957235598966e+00 1.856901348318034939e-01
-1.324068608720073481e+00 0.000000000000000000e+00
-1.324068608720073481e+00 0.000000000000000000e+00
-1.296248700518749963e+00 0.000000000000000000e+00
-1.296248700518749963e+00 0.000000000000000000e+00
-1.296248700518749963e+00 0.000000000000000000e+00
-1.296248700518749963e+00 0.000000000000000000e+00
-1.296248700518749963e+00 0.000000000000000000e+00
-1.296248700518749963e+00 0.000000000000000000e+00
-1.296248700518749963e+00 0.000000000000000000e+00
-1.296248700518749963e+00 0.000000000000000000e+00
-1.296248700518749963e+00 0.000000000000000000e+00
-1.296248700518749519e+00 0.000000000000000000e+00
-1.231512955582513502e+00 0.000000000000000000e+00
-1.231512955582513502e+00 0.000000000000000000e+00
-1.231512955582513502e+00 0.000000000000000000e+00
-1.231512955582513502e+00 0.000000000000000000e+00
-1.231512955582513502e+00 0.000000000000000000e+00
-1.231512955582513502e+00 0.000000000000000000e+00
-1.231512955582513502e+00 0.000000000000000000e+00
-1.231512955582513502e+00 0.000000000000000000e+00
-1.231512955582513058e+00 0.000000000000000000e+00
-1.231512955582512170e+00 0.000000000000000000e+00
-1.223917795008596432e+00 0.000000000000000000e+00
-1.223917795008595544e+00 0.000000000000000000e+00
-1.184733975751855350e+00 2.423029246410571193e-04
-1.166845912729814305e+00 0.000000000000000000e+00
-1.166845912729814305e+00 0.000000000000000000e+00
-1.115731330793683362e+00 0.000000000000000000e+00
-1.115731330793682918e+00 0.000000000000000000e+00
-1.115731330793682918e+00 0.000000000000000000e+00
-1.115731330793682918e+00 0.000000000000000000e+00
-1.115731330793682918e+00 0.000000000000000000e+00
-1.115731330793682918e+00 0.000000000000000000e+00
-1.115731330793682918e+00 0.000000000000000000e+00
-1.115731330793682918e+00 0.000000000000000000e+00
-1.115731330793682918e+00 0.000000000000000000e+00
-1.115731330793682474e+00 0.000000000000000000e+00
-1.083653026305569256e+00 0.000000000000000000e+00
-1.083653026305568368e+00 0.000000000000000000e+00
-1.000000000000001776e+00 0.000000000000000000e+00
-1.000000000000000444e+00 0.000000000000000000e+00
-1.000000000000000444e+00 0.000000000000000000e+00
-1.000000000000000444e+00 0.000000000000000000e+00
-1.000000000000000222e+00 0.000000000000000000e+00
-1.000000000000000222e+00 0.000000000000000000e+00
-1.000000000000000222e+00 0.000000000000000000e+00
-1.000000000000000222e+00 0.000000000000000000e+00
-1.000000000000000222e+00 0.000000000000000000e+00
-1.000000000000000222e+00 0.000000000000000000e+00
-1.000000000000000222e+00 0.000000000000000000e+00
-1.000000000000000222e+00 0.000000000000000000e+00
-1.000000000000000222e+00 0.000000000000000000e+00
-1.000000000000000222e+00 0.000000000000000000e+00
-1.000000000000000222e+00 0.000000000000000000e+00
-1.000000000000000222e+00 0.000000000000000000e+00
-1.000000000000000222e+00 0.000000000000000000e+00
-1.000000000000000222e+00 0.000000000000000000e+00
-1.000000000000000222e+00 0.000000000000000000e+00
-1.000000000000000222e+00 0.000000000000000000e+00
-1.000000000000000222e+00 0.000000000000000000e+00
-1.000000000000000222e+00 0.000000000000000000e+00
-1.000000000000000222e+00 0.000000000000000000e+00
-1.000000000000000222e+00 0.000000000000000000e+00
-1.000000000000000222e+00 0.000000000000000000e+00
-1.000000000000000000e+00 0.000000000000000000e+00
-1.000000000000000000e+00 0.000000000000000000e+00
-1.000000000000000000e+00 0.000000000000000000e+00
-1.000000000000000000e+00 0.000000000000000000e+00
-1.000000000000000000e+00 0.000000000000000000e+00
-1.000000000000000000e+00 0.000000000000000000e+00
-1.000000000000000000e+00 0.000000000000000000e+00
-1.000000000000000000e+00 0.000000000000000000e+00
-1.000000000000000000e+00 0.000000000000000000e+00
-1.000000000000000000e+00 0.000000000000000000e+00
-1.000000000000000000e+00 0.000000000000000000e+00
-1.000000000000000000e+00 0.000000000000000000e+00
-1.000000000000000000e+00 0.000000000000000000e+00
-1.000000000000000000e+00 0.000000000000000000e+00
-1.000000000000000000e+00 0.000000000000000000e+00
-1.000000000000000000e+00 0.000000000000000000e+00
-1.000000000000000000e+00 0.000000000000000000e+00
-1.000000000000000000e+00 0.000000000000000000e+00
-1.000000000000000000e+00 0.000000000000000000e+00
-1.000000000000000000e+00 0.000000000000000000e+00
-1.000000000000000000e+00 0.000000000000000000e+00
-1.000000000000000000e+00 0.000000000000000000e+00
-1.000000000000000000e+00 0.000000000000000000e+00
-1.000000000000000000e+00 0.000000000000000000e+00
-1.000000000000000000e+00 0.000000000000000000e+00
-1.000000000000000000e+00 0.000000000000000000e+00
-1.000000000000000000e+00 0.000000000000000000e+00
-1.000000000000000000e+00 0.000000000000000000e+00
-1.000000000000000000e+00 0.000000000000000000e+00
-1.000000000000000000e+00 0.000000000000000000e+00
-1.000000000000000000e+00 0.000000000000000000e+00
-1.000000000000000000e+00 0.000000000000000000e+00
-1.000000000000000000e+00 0.000000000000000000e+00
-1.000000000000000000e+00 0.000000000000000000e+00
-9.999999999999982236e-01 0.000000000000000000e+00
-9.969950132326097503e-01 7.659082612870595635e-03
-9.152717300515846865e-01 0.000000000000000000e+00
-9.152717300515845755e-01 0.000000000000000000e+00
-9.152717300515842425e-01 0.000000000000000000e+00
-9.152717300515840204e-01 0.000000000000000000e+00
-9.152717300515840204e-01 0.000000000000000000e+00
-9.152717300515840204e-01 0.000000000000000000e+00
-9.152717300515840204e-01 0.000000000000000000e+00
-9.152717300515840204e-01 0.000000000000000000e+00
-9.152717300515840204e-01 0.000000000000000000e+00
-9.152717300515840204e-01 0.000000000000000000e+00
-8.158431910319607905e-01 0.000000000000000000e+00
-8.158431910319607905e-01 0.000000000000000000e+00
-7.669266406318578921e-01 0.000000000000000000e+00
-7.669266406318575591e-01 0.000000000000000000e+00
-7.669266406318575591e-01 0.000000000000000000e+00
-7.669266406318575591e-01 0.000000000000000000e+00
-7.669266406318575591e-01 0.000000000000000000e+00
-7.669266406318575591e-01 0.000000000000000000e+00
-7.669266406318575591e-01 0.000000000000000000e+00
-7.669266406318575591e-01 0.000000000000000000e+00
-7.669266406318575591e-01 0.000000000000000000e+00
-7.669266406318575591e-01 0.000000000000000000e+00
-7.055997455429723342e-01 0.000000000000000000e+00
-7.055997455429723342e-01 0.000000000000000000e+00
-7.055997455429714460e-01 0.000000000000000000e+00
-7.055997455429710019e-01 0.000000000000000000e+00
-7.055997455429705578e-01 0.000000000000000000e+00
-7.055997455429705578e-01 0.000000000000000000e+00
-7.055997455429705578e-01 0.000000000000000000e+00
-7.055997455429705578e-01 0.000000000000000000e+00
-7.055997455429705578e-01 0.000000000000000000e+00
-7.055997455429705578e-01 0.000000000000000000e+00
-6.621534468619578728e-01 0.000000000000000000e+00
-6.621534468619570957e-01 0.000000000000000000e+00
-6.621534468619565406e-01 0.000000000000000000e+00
-6.621534468619565406e-01 0.000000000000000000e+00
-6.621534468619565406e-01 0.000000000000000000e+00
-6.621534468619563185e-01 0.000000000000000000e+00
-6.621534468619562075e-01 0.000000000000000000e+00
-6.621534468619560965e-01 0.000000000000000000e+00
-6.621534468619560965e-01 0.000000000000000000e+00
-6.621534468619560965e-01 0.000000000000000000e+00
-6.621534468619560965e-01 0.000000000000000000e+00
-6.621534468619560965e-01 0.000000000000000000e+00
-6.621534468619560965e-01 0.000000000000000000e+00
-6.621534468619560965e-01 0.000000000000000000e+00
-6.621534468619560965e-01 0.000000000000000000e+00
-6.621534468619560965e-01 0.000000000000000000e+00
-6.621534468619560965e-01 0.000000000000000000e+00
-6.621534468619560965e-01 0.000000000000000000e+00
-6.621534468619560965e-01 0.000000000000000000e+00
-6.621534468619560965e-01 0.000000000000000000e+00
-6.508551647072398083e-01 0.000000000000000000e+00
-6.508551647072398083e-01 0.000000000000000000e+00
-6.218421864808103550e-01 0.000000000000000000e+00
-6.218421864808103550e-01 0.000000000000000000e+00
-6.180339887498955687e-01 0.000000000000000000e+00
-6.180339887498955687e-01 0.000000000000000000e+00
-6.180339887498955687e-01 0.000000000000000000e+00
-6.180339887498955687e-01 0.000000000000000000e+00
-6.180339887498955687e-01 0.000000000000000000e+00
-6.180339887498955687e-01 0.000000000000000000e+00
-6.180339887498955687e-01 0.000000000000000000e+00
-6.180339887498946805e-01 0.000000000000000000e+00
-6.180339887498941254e-01 0.000000000000000000e+00
-6.180339887498935703e-01 0.000000000000000000e+00
-4.005530953408770189e-01 0.000000000000000000e+00
-4.005530953408770189e-01 0.000000000000000000e+00
-4.005530953408760197e-01 0.000000000000000000e+00
-4.005530953408751316e-01 0.000000000000000000e+00
-4.005530953408751316e-01 0.000000000000000000e+00
-4.005530953408751316e-01 0.000000000000000000e+00
-4.005530953408751316e-01 0.000000000000000000e+00
-4.005530953408751316e-01 0.000000000000000000e+00
-4.005530953408751316e-01 0.000000000000000000e+00
-4.005530953408751316e-01 0.000000000000000000e+00
-3.997404528787396605e-01 0.000000000000000000e+00
-3.997404528787396605e-01 0.000000000000000000e+00
-3.444299960699468977e-01 0.000000000000000000e+00
-3.444299960699468977e-01 0.000000000000000000e+00
-2.571902486223274958e-15 9.127923895950615591e-04
-2.571902486223274958e-15 1.861628931382751609e-05
-1.291819321403992235e-15 0.000000000000000000e+00
-1.291819321403992235e-15 0.000000000000000000e+00
-1.291819321403992235e-15 0.000000000000000000e+00
-9.192352567942152100e-16 0.000000000000000000e+00
-9.192352567942152100e-16 0.000000000000000000e+00
-7.082167697792087666e-16 3.826401902450662917e-04
-7.082167697792087666e-16 1.782220623319329253e-03
-7.082167697792087666e-16 3.298234850221216929e-03
-7.082167697792087666e-16 1.283523959410744599e-03
-7.082167697792087666e-16 2.453122761968257876e-03
-7.082167697792087666e-16 7.549741665716733913e-04
-7.082167697792087666e-16 9.278166244693577158e-05
-7.082167697792087666e-16 1.072726996024263909e-03
-7.082167697792087666e-16 2.862146125555749699e-03
-7.082167697792087666e-16 2.489769172765064157e-03
-7.082167697792087666e-16 2.219273719885235520e-10
-7.082167697792087666e-16 6.623531698440256361e-03
-7.082167697792087666e-16 1.384702899674301662e-03
-7.082167697792087666e-16 6.949878796484534622e-04
-7.082167697792087666e-16 3.336737082457507178e-03
-7.082167697792087666e-16 7.336424597879126117e-05
-7.082167697792087666e-16 7.009253146040557263e-04
-7.082167697792087666e-16 3.815762210395397171e-03
-7.082167697792087666e-16 4.039493021308252592e-04
-7.082167697792087666e-16 2.994510325040988623e-03
-7.082167697792087666e-16 8.202561630910017444e-06
-7.082167697792087666e-16 1.409983428414216498e-03
-7.082167697792087666e-16 1.498847709549368679e-03
-7.082167697792087666e-16 2.502685496095995599e-03
-7.082167697792087666e-16 2.493022672003266955e-03
-7.082167697792087666e-16 1.019529677338106965e-03
-7.082167697792087666e-16 2.824167450413313674e-03
-7.082167697792087666e-16 6.928163954110518985e-05
-7.082167697792087666e-16 1.281606100566288174e-03
-7.082167697792087666e-16 7.106951496639349027e-04
-7.082167697792087666e-16 1.101526816955947403e-02
-7.082167697792087666e-16 4.444305292552554187e-03
-7.082167697792087666e-16 2.396844194524695802e-03
-7.082167697792087666e-16 1.668420287704102615e-03
-7.082167697792087666e-16 2.265550442719305949e-03
-7.082167697792087666e-16 1.129221273409636208e-03
-7.082167697792087666e-16 7.254187086705434981e-04
-7.082167697792087666e-16 3.588137977750837547e-06
-7.082167697792087666e-16 1.489521057164177849e-03
-7.082167697792087666e-16 5.541694702802481844e-07
-7.082167697792087666e-16 1.318713061178132388e-04
-7.082167697792087666e-16 1.121063659277809262e-03
-7.082167697792087666e-16 4.855814612414988775e-05
-7.082167697792087666e-16 3.747509884725493519e-05
-7.082167697792087666e-16 1.334737667118510997e-04
-7.082167697792087666e-16 4.926448825572195614e-04
-7.082167697792087666e-16 3.966945767752480122e-04
-7.082167697792087666e-16 1.529953795590740660e-04
-7.082167697792087666e-16 1.035233636523384335e-03
-7.082167697792087666e-16 3.066608919201947595e-04
-7.082167697792087666e-16 9.777171513936490707e-07
-7.082167697792087666e-16 7.752755399696352684e-04
-7.082167697792087666e-16 9.255321641320926433e-04
-7.082167697792087666e-16 2.745221152904585003e-05
-7.082167697792087666e-16 5.494694730820027379e-04
-7.082167697792087666e-16 2.582048193172761501e-05
-7.082167697792087666e-16 1.144959061284350722e-03
-7.082167697792087666e-16 1.439785702209987923e-03
-7.082167697792087666e-16 3.299473608693215981e-04
-7.082167697792087666e-16 7.915300418161162060e-03
-7.082167697792087666e-16 4.402642094689426236e-04
-7.082167697792087666e-16 2.458126900394316111e-04
-7.082167697792087666e-16 3.579440915753293213e-03
-7.082167697792087666e-16 5.001788767221304350e-04
-7.082167697792087666e-16 1.323607869740449231e-03
-7.082167697792087666e-16 2.861838908050701267e-03
-7.082167697792087666e-16 3.777689889724690064e-03
-7.082167697792087666e-16 1.020616326512594537e-03
-7.082167697792087666e-16 1.517754532174865221e-03
-7.082167697792087666e-16 3.195732797191473381e-04
-7.082167697792087666e-16 1.831741323341977025e-05
-7.082167697792087666e-16 6.469305177425921497e-07
-7.082167697792087666e-16 7.210940143303032790e-05
-7.082167697792087666e-16 1.325473507399211324e-04
-7.082167697792087666e-16 4.698643656061934380e-06
-7.082167697792087666e-16 2.930769905549953660e-04
-7.082167697792087666e-16 2.604209445205671498e-04
-7.082167697792087666e-16 3.011228480077890544e-03
-7.082167697792087666e-16 3.054665636637636683e-06
-7.082167697792087666e-16 1.524971411345263210e-04
-7.082167697792087666e-16 5.519272856545792173e-04
-7.082167697792087666e-16 3.921726467124651540e-05
-7.082167697792087666e-16 1.488558377097867758e-03
-7.082167697792087666e-16 2.409152303354060489e-05
-7.082167697792087666e-16 3.610234282861924022e-04
-7.082167697792087666e-16 1.694995843122542732e-04
-7.082167697792087666e-16 1.995383728563977690e-03
-7.082167697792087666e-16 2.037135816135304117e-03
-7.082167697792087666e-16 2.661653144895115915e-04
-7.082167697792087666e-16 1.069049831489190302e-03
-7.082167697792087666e-16 2.819104433399790364e-05
-7.082167697792087666e-16 4.064900583979723717e-03
-7.082167697792087666e-16 2.766982402681094169e-04
-7.082167697792087666e-16 8.631803304487533073e-05
-7.082167697792087666e-16 7.066818282337874535e-04
-7.082167697792087666e-16 6.830791971297905290e-04
-7.082167697792087666e-16 7.795909788472419472e-03
-7.082167697792087666e-16 5.471337705542162399e-05
-7.082167697792087666e-16 5.803635451362960484e-05
-6.705913846249948169e-16 0.000000000000000000e+00
-6.705913846249948169e-16 0.000000000000000000e+00
-1.212593686251758149e-16 0.000000000000000000e+00
-1.212593686251758149e-16 0.000000000000000000e+00
-1.212593686251758149e-16 0.000000000000000000e+00
-1.212593686251758149e-16 0.000000000000000000e+00
-1.212593686251758149e-16 0.000000000000000000e+00
-1.212593686251758149e-16 0.000000000000000000e+00
-1.212593686251758149e-16 0.000000000000000000e+00
-1.212593686251758149e-16 0.000000000000000000e+00
-1.212593686251758149e-16 0.000000000000000000e+00
-1.212593686251758149e-16 0.000000000000000000e+00
-1.212593686251758149e-16 0.000000000000000000e+00
-1.212593686251758149e-16 0.000000000000000000e+00
-1.212593686251758149e-16 0.000000000000000000e+00
-1.212593686251758149e-16 0.000000000000000000e+00
-1.212593686251758149e-16 0.000000000000000000e+00
-1.212593686251758149e-16 0.000000000000000000e+00
-1.212593686251758149e-16 0.000000000000000000e+00
-1.110223024625158020e-16 0.000000000000000000e+00
-1.110223024625158020e-16 0.000000000000000000e+00
-1.110223024625158020e-16 0.000000000000000000e+00
-1.110223024625158020e-16 0.000000000000000000e+00
-1.110223024625158020e-16 0.000000000000000000e+00
-1.110223024625158020e-16 0.000000000000000000e+00
-1.035227903136335876e-17 0.000000000000000000e+00
-1.035227903136335876e-17 0.000000000000000000e+00
-1.035227903136335876e-17 0.000000000000000000e+00
-1.035227903136335876e-17 0.000000000000000000e+00
-1.035227903136335876e-17 0.000000000000000000e+00
-1.035227903136335876e-17 0.000000000000000000e+00
-1.035227903136335876e-17 0.000000000000000000e+00
-1.035227903136335876e-17 0.000000000000000000e+00
0.000000000000000000e+00 0.000000000000000000e+00
0.000000000000000000e+00 0.000000000000000000e+00
0.000000000000000000e+00 0.000000000000000000e+00
0.000000000000000000e+00 0.000000000000000000e+00
0.000000000000000000e+00 0.000000000000000000e+00
0.000000000000000000e+00 0.000000000000000000e+00
0.000000000000000000e+00 0.000000000000000000e+00
0.000000000000000000e+00 0.000000000000000000e+00
0.000000000000000000e+00 0.000000000000000000e+00
0.000000000000000000e+00 0.000000000000000000e+00
0.000000000000000000e+00 0.000000000000000000e+00
0.000000000000000000e+00 0.000000000000000000e+00
0.000000000000000000e+00 0.000000000000000000e+00
0.000000000000000000e+00 0.000000000000000000e+00
0.000000000000000000e+00 0.000000000000000000e+00
0.000000000000000000e+00 0.000000000000000000e+00
0.000000000000000000e+00 0.000000000000000000e+00
0.000000000000000000e+00 0.000000000000000000e+00
0.000000000000000000e+00 0.000000000000000000e+00
0.000000000000000000e+00 0.000000000000000000e+00
0.000000000000000000e+00 0.000000000000000000e+00
0.000000000000000000e+00 0.000000000000000000e+00
0.000000000000000000e+00 0.000000000000000000e+00
0.000000000000000000e+00 0.000000000000000000e+00
0.000000000000000000e+00 0.000000000000000000e+00
0.000000000000000000e+00 0.000000000000000000e+00
0.000000000000000000e+00 0.000000000000000000e+00
0.000000000000000000e+00 0.000000000000000000e+00
0.000000000000000000e+00 0.000000000000000000e+00
0.000000000000000000e+00 0.000000000000000000e+00
0.000000000000000000e+00 0.000000000000000000e+00
0.000000000000000000e+00 0.000000000000000000e+00
0.000000000000000000e+00 0.000000000000000000e+00
0.000000000000000000e+00 0.000000000000000000e+00
0.000000000000000000e+00 0.000000000000000000e+00
0.000000000000000000e+00 0.000000000000000000e+00
0.000000000000000000e+00 0.000000000000000000e+00
0.000000000000000000e+00 0.000000000000000000e+00
0.000000000000000000e+00 0.000000000000000000e+00
0.000000000000000000e+00 0.000000000000000000e+00
0.000000000000000000e+00 0.000000000000000000e+00
0.000000000000000000e+00 0.000000000000000000e+00
0.000000000000000000e+00 0.000000000000000000e+00
0.000000000000000000e+00 0.000000000000000000e+00
0.000000000000000000e+00 0.000000000000000000e+00
0.000000000000000000e+00 0.000000000000000000e+00
0.000000000000000000e+00 0.000000000000000000e+00
0.000000000000000000e+00 0.000000000000000000e+00
0.000000000000000000e+00 0.000000000000000000e+00
7.252901169171013848e-17 0.000000000000000000e+00
7.252901169171013848e-17 0.000000000000000000e+00
7.252901169171013848e-17 0.000000000000000000e+00
7.252901169171013848e-17 0.000000000000000000e+00
7.252901169171013848e-17 0.000000000000000000e+00
8.156494080084150939e-16 0.000000000000000000e+00
8.985306987314886897e-16 0.000000000000000000e+00
8.985306987314886897e-16 0.000000000000000000e+00
1.049300584153640605e-15 0.000000000000000000e+00
1.049300584153640605e-15 0.000000000000000000e+00
1.049300584153640605e-15 0.000000000000000000e+00
1.049300584153640605e-15 0.000000000000000000e+00
1.155468946664857622e-15 7.530213677279873959e-05
1.155468946664857622e-15 3.970999488283867779e-05
1.155468946664857622e-15 7.044716120129411105e-03
1.155468946664857622e-15 2.881681635073632440e-04
1.155468946664857622e-15 6.376519470256617047e-04
1.155468946664857622e-15 3.456267773078294044e-04
1.155468946664857622e-15 4.517756839116216340e-04
1.155468946664857622e-15 1.733622569986589812e-03
1.155468946664857622e-15 3.956856499950145217e-04
1.155468946664857622e-15 3.091711941378137468e-04
1.155468946664857622e-15 4.555575757190928848e-04
1.155468946664857622e-15 1.819849135072243657e-03
1.155468946664857622e-15 1.532276721703180241e-03
1.155468946664857622e-15 1.493247155867915774e-02
1.155468946664857622e-15 4.496575465151904242e-04
1.155468946664857622e-15 1.869057073575000616e-03
1.155468946664857622e-15 5.717379623301355705e-03
1.155468946664857622e-15 2.717236378520290893e-04
1.155468946664857622e-15 8.280589759836500235e-04
1.155468946664857622e-15 6.178029541346447364e-07
1.155468946664857622e-15 7.119555859704969065e-05
1.155468946664857622e-15 7.897819671201641509e-04
1.155468946664857622e-15 6.558347516079515455e-04
1.155468946664857622e-15 1.769701577501074131e-03
1.155468946664857622e-15 1.847066757884771289e-04
1.155468946664857622e-15 5.747670880391885775e-04
1.155468946664857622e-15 8.869155545771960129e-07
1.155468946664857622e-15 1.050472956137718690e-03
1.155468946664857622e-15 4.600778664363109477e-03
1.155468946664857622e-15 8.852677865091761666e-04
1.155468946664857622e-15 9.663286155995206000e-04
1.155468946664857622e-15 2.220421365802232794e-05
1.155468946664857622e-15 2.289951409265284277e-05
1.155468946664857622e-15 1.005128327463191020e-05
1.155468946664857622e-15 1.069871816919770778e-03
1.155468946664857622e-15 6.052095591350571549e-04
1.155468946664857622e-15 8.945067378523425834e-04
1.155468946664857622e-15 2.155230981483009453e-04
1.155468946664857622e-15 1.129367899862977146e-03
1.155468946664857622e-15 8.050301548061986306e-05
1.155468946664857622e-15 9.538104162068147037e-04
1.155468946664857622e-15 1.360180814686287728e-03
1.155468946664857622e-15 6.611105178223115235e-04
1.155468946664857622e-15 4.216938311512391339e-03
1.155468946664857622e-15 6.767847587090869204e-04
1.155468946664857622e-15 3.422546116775164460e-03
1.155468946664857622e-15 2.108728323169764584e-04
1.155468946664857622e-15 2.200570416557163864e-06
1.155468946664857622e-15 2.809686819463574133e-05
1.155468946664857622e-15 8.479609631541151717e-05
1.155468946664857622e-15 3.100352859023665960e-05
1.155468946664857622e-15 8.726881309580835060e-04
1.155468946664857622e-15 2.680639046000341842e-03
1.155468946664857622e-15 1.330159640173138107e-04
1.155468946664857622e-15 1.140135016564867987e-03
1.155468946664857622e-15 5.546509091024716225e-03
1.155468946664857622e-15 1.536041248701494464e-05
1.155468946664857622e-15 1.310448307023514549e-03
1.155468946664857622e-15 6.589253182844532694e-03
1.155468946664857622e-15 1.665429328311837957e-03
1.155468946664857622e-15 1.242603129972241433e-05
1.155468946664857622e-15 1.207589908256184686e-03
1.155468946664857622e-15 1.375891092996483524e-03
1.155468946664857622e-15 8.222484691679841180e-04
3.444299960699471197e-01 0.000000000000000000e+00
3.444299960699471197e-01 0.000000000000000000e+00
3.997404528787401601e-01 0.000000000000000000e+00
3.997404528787401601e-01 0.000000000000000000e+00
4.005530953408756312e-01 0.000000000000000000e+00
4.005530953408756312e-01 0.000000000000000000e+00
4.005530953408756312e-01 0.000000000000000000e+00
4.005530953408756312e-01 0.000000000000000000e+00
4.005530953408756312e-01 0.000000000000000000e+00
4.005530953408756312e-01 0.000000000000000000e+00
4.005530953408756312e-01 0.000000000000000000e+00
4.005530953408756312e-01 0.000000000000000000e+00
4.005530953408756312e-01 0.000000000000000000e+00
4.005530953408757977e-01 0.000000000000000000e+00
6.180339887498940143e-01 0.000000000000000000e+00
6.180339887498940143e-01 0.000000000000000000e+00
6.180339887498940143e-01 0.000000000000000000e+00
6.180339887498940143e-01 0.000000000000000000e+00
6.180339887498940143e-01 0.000000000000000000e+00
6.180339887498940143e-01 0.000000000000000000e+00
6.180339887498940143e-01 0.000000000000000000e+00
6.180339887498947915e-01 0.000000000000000000e+00
6.180339887498949025e-01 0.000000000000000000e+00
6.180339887498960127e-01 0.000000000000000000e+00
6.218421864808088007e-01 0.000000000000000000e+00
6.218421864808088007e-01 0.000000000000000000e+00
6.508551647072398083e-01 0.000000000000000000e+00
6.508551647072398083e-01 0.000000000000000000e+00
6.621534468619560965e-01 0.000000000000000000e+00
6.621534468619560965e-01 0.000000000000000000e+00
6.621534468619565406e-01 0.000000000000000000e+00
6.621534468619565406e-01 0.000000000000000000e+00
6.621534468619565406e-01 0.000000000000000000e+00
6.621534468619565406e-01 0.000000000000000000e+00
6.621534468619565406e-01 0.000000000000000000e+00
6.621534468619565406e-01 0.000000000000000000e+00
6.621534468619565406e-01 0.000000000000000000e+00
6.621534468619565406e-01 0.000000000000000000e+00
6.621534468619565406e-01 0.000000000000000000e+00
6.621534468619565406e-01 0.000000000000000000e+00
6.621534468619565406e-01 0.000000000000000000e+00
6.621534468619565406e-01 0.000000000000000000e+00
6.621534468619565406e-01 0.000000000000000000e+00
6.621534468619565406e-01 0.000000000000000000e+00
6.621534468619565406e-01 0.000000000000000000e+00
6.621534468619565406e-01 0.000000000000000000e+00
6.621534468619565406e-01 0.000000000000000000e+00
6.621534468619565406e-01 0.000000000000000000e+00
7.055997455429710019e-01 0.000000000000000000e+00
7.055997455429712240e-01 0.000000000000000000e+00
7.055997455429712240e-01 0.000000000000000000e+00
7.055997455429712240e-01 0.000000000000000000e+00
7.055997455429712240e-01 0.000000000000000000e+00
7.055997455429712240e-01 0.000000000000000000e+00
7.055997455429712240e-01 0.000000000000000000e+00
7.055997455429712240e-01 0.000000000000000000e+00
7.055997455429712240e-01 0.000000000000000000e+00
7.055997455429714460e-01 0.000000000000000000e+00
7.669266406318564488e-01 0.000000000000000000e+00
7.669266406318564488e-01 0.000000000000000000e+00
7.669266406318576701e-01 0.000000000000000000e+00
7.669266406318582252e-01 0.000000000000000000e+00
7.669266406318582252e-01 0.000000000000000000e+00
7.669266406318582252e-01 0.000000000000000000e+00
7.669266406318582252e-01 0.000000000000000000e+00
7.669266406318582252e-01 0.000000000000000000e+00
7.669266406318582252e-01 0.000000000000000000e+00
7.669266406318582252e-01 0.000000000000000000e+00
8.158431910319610125e-01 0.000000000000000000e+00
8.158431910319610125e-01 0.000000000000000000e+00
9.152717300515842425e-01 0.000000000000000000e+00
9.152717300515843535e-01 0.000000000000000000e+00
9.152717300515844645e-01 0.000000000000000000e+00
9.152717300515844645e-01 0.000000000000000000e+00
9.152717300515844645e-01 0.000000000000000000e+00
9.152717300515844645e-01 0.000000000000000000e+00
9.152717300515844645e-01 0.000000000000000000e+00
9.152717300515844645e-01 0.000000000000000000e+00
9.152717300515844645e-01 0.000000000000000000e+00
9.152717300515844645e-01 0.000000000000000000e+00
9.969950132326084180e-01 7.659082612870625126e-03
9.999999999999984457e-01 0.000000000000000000e+00
9.999999999999984457e-01 0.000000000000000000e+00
9.999999999999984457e-01 0.000000000000000000e+00
9.999999999999995559e-01 0.000000000000000000e+00
9.999999999999998890e-01 0.000000000000000000e+00
9.999999999999998890e-01 0.000000000000000000e+00
9.999999999999998890e-01 0.000000000000000000e+00
9.999999999999998890e-01 0.000000000000000000e+00
9.999999999999998890e-01 0.000000000000000000e+00
9.999999999999998890e-01 0.000000000000000000e+00
9.999999999999998890e-01 0.000000000000000000e+00
9.999999999999998890e-01 0.000000000000000000e+00
9.999999999999998890e-01 0.000000000000000000e+00
9.999999999999998890e-01 0.000000000000000000e+00
9.999999999999998890e-01 0.000000000000000000e+00
9.999999999999998890e-01 0.000000000000000000e+00
9.999999999999998890e-01 0.000000000000000000e+00
9.999999999999998890e-01 0.000000000000000000e+00
9.999999999999998890e-01 0.000000000000000000e+00
9.999999999999998890e-01 0.000000000000000000e+00
9.999999999999998890e-01 0.000000000000000000e+00
9.999999999999998890e-01 0.000000000000000000e+00
9.999999999999998890e-01 0.000000000000000000e+00
9.999999999999998890e-01 0.000000000000000000e+00
1.000000000000000222e+00 0.000000000000000000e+00
1.000000000000000222e+00 0.000000000000000000e+00
1.000000000000000444e+00 0.000000000000000000e+00
1.000000000000000444e+00 0.000000000000000000e+00
1.000000000000000444e+00 0.000000000000000000e+00
1.000000000000000444e+00 0.000000000000000000e+00
1.000000000000000444e+00 0.000000000000000000e+00
1.000000000000000444e+00 0.000000000000000000e+00
1.000000000000000444e+00 0.000000000000000000e+00
1.000000000000000444e+00 0.000000000000000000e+00
1.000000000000000444e+00 0.000000000000000000e+00
1.000000000000000444e+00 0.000000000000000000e+00
1.000000000000000444e+00 0.000000000000000000e+00
1.000000000000000444e+00 0.000000000000000000e+00
1.000000000000000444e+00 0.000000000000000000e+00
1.000000000000000444e+00 0.000000000000000000e+00
1.000000000000000444e+00 0.000000000000000000e+00
1.000000000000000444e+00 0.000000000000000000e+00
1.000000000000000444e+00 0.000000000000000000e+00
1.000000000000000444e+00 0.000000000000000000e+00
1.000000000000000444e+00 0.000000000000000000e+00
1.000000000000000444e+00 0.000000000000000000e+00
1.000000000000000444e+00 0.000000000000000000e+00
1.000000000000000444e+00 0.000000000000000000e+00
1.000000000000000444e+00 0.000000000000000000e+00
1.000000000000000444e+00 0.000000000000000000e+00
1.000000000000000444e+00 0.000000000000000000e+00
1.000000000000000444e+00 0.000000000000000000e+00
1.000000000000000444e+00 0.000000000000000000e+00
1.000000000000000444e+00 0.000000000000000000e+00
1.000000000000000444e+00 0.000000000000000000e+00
1.000000000000000444e+00 0.000000000000000000e+00
1.000000000000000444e+00 0.000000000000000000e+00
1.000000000000000444e+00 0.000000000000000000e+00
1.000000000000000888e+00 0.000000000000000000e+00
1.000000000000002220e+00 0.000000000000000000e+00
1.083653026305569256e+00 0.000000000000000000e+00
1.083653026305569256e+00 0.000000000000000000e+00
1.115731330793682474e+00 0.000000000000000000e+00
1.115731330793682474e+00 0.000000000000000000e+00
1.115731330793683362e+00 0.000000000000000000e+00
1.115731330793683362e+00 0.000000000000000000e+00
1.115731330793683362e+00 0.000000000000000000e+00
1.115731330793683362e+00 0.000000000000000000e+00
1.115731330793683362e+00 0.000000000000000000e+00
1.115731330793683362e+00 0.000000000000000000e+00
1.115731330793683362e+00 0.000000000000000000e+00
1.115731330793683362e+00 0.000000000000000000e+00
1.166845912729815637e+00 0.000000000000000000e+00
1.166845912729815637e+00 0.000000000000000000e+00
1.184733975751854462e+00 2.423029246410745479e-04
1.223917795008595988e+00 0.000000000000000000e+00
1.223917795008595988e+00 0.000000000000000000e+00
1.231512955582513058e+00 0.000000000000000000e+00
1.231512955582513058e+00 0.000000000000000000e+00
1.231512955582513058e+00 0.000000000000000000e+00
1.231512955582513058e+00 0.000000000000000000e+00
1.231512955582513058e+00 0.000000000000000000e+00
1.231512955582513058e+00 0.000000000000000000e+00
1.231512955582513058e+00 0.000000000000000000e+00
1.231512955582513058e+00 0.000000000000000000e+00
1.231512955582513058e+00 0.000000000000000000e+00
1.231512955582513946e+00 0.000000000000000000e+00
1.296248700518748187e+00 0.000000000000000000e+00
1.296248700518749519e+00 0.000000000000000000e+00
1.296248700518749519e+00 0.000000000000000000e+00
1.296248700518749519e+00 0.000000000000000000e+00
1.296248700518749519e+00 0.000000000000000000e+00
1.296248700518750407e+00 0.000000000000000000e+00
1.296248700518750407e+00 0.000000000000000000e+00
1.296248700518750407e+00 0.000000000000000000e+00
1.296248700518750407e+00 0.000000000000000000e+00
1.296248700518750407e+00 0.000000000000000000e+00
1.324068608720073037e+00 0.000000000000000000e+00
1.324068608720073037e+00 0.000000000000000000e+00
1.343513957235599410e+00 1.856901348318033551e-01
1.414213562373093147e+00 0.000000000000000000e+00
1.414213562373093147e+00 0.000000000000000000e+00
1.414213562373093147e+00 0.000000000000000000e+00
1.414213562373093147e+00 0.000000000000000000e+00
1.414213562373094035e+00 0.000000000000000000e+00
1.414213562373094479e+00 0.000000000000000000e+00
1.414213562373094479e+00 0.000000000000000000e+00
1.414213562373094479e+00 0.000000000000000000e+00
1.414213562373094479e+00 0.000000000000000000e+00
1.414213562373094479e+00 0.000000000000000000e+00
1.414213562373094479e+00 0.000000000000000000e+00
1.414213562373094479e+00 0.000000000000000000e+00
1.414213562373094479e+00 0.000000000000000000e+00
1.414213562373094479e+00 0.000000000000000000e+00
1.414213562373094479e+00 0.000000000000000000e+00
1.414213562373094479e+00 0.000000000000000000e+00
1.414213562373094479e+00 0.000000000000000000e+00
1.414213562373094479e+00 0.000000000000000000e+00
1.414213562373094479e+00 0.000000000000000000e+00
1.414213562373094479e+00 0.000000000000000000e+00
1.414213562373094479e+00 0.000000000000000000e+00
1.414213562373094479e+00 0.000000000000000000e+00
1.414213562373094923e+00 0.000000000000000000e+00
1.414213562373094923e+00 0.000000000000000000e+00
1.414213562373095145e+00 0.000000000000000000e+00
1.414213562373095145e+00 0.000000000000000000e+00
1.414213562373095145e+00 0.000000000000000000e+00
1.414213562373095145e+00 0.000000000000000000e+00
1.414213562373095145e+00 0.000000000000000000e+00
1.414213562373095145e+00 0.000000000000000000e+00
1.414213562373095145e+00 0.000000000000000000e+00
1.414213562373095145e+00 0.000000000000000000e+00
1.414213562373095368e+00 0.000000000000000000e+00
1.414213562373095368e+00 0.000000000000000000e+00
1.414213562373095368e+00 0.000000000000000000e+00
1.414213562373095368e+00 0.000000000000000000e+00
1.414213562373095368e+00 0.000000000000000000e+00
1.414213562373095368e+00 0.000000000000000000e+00
1.414213562373095368e+00 0.000000000000000000e+00
1.414213562373095368e+00 0.000000000000000000e+00
1.414213562373095368e+00 0.000000000000000000e+00
1.414213562373095368e+00 0.000000000000000000e+00
1.414213562373095368e+00 0.000000000000000000e+00
1.414213562373095368e+00 0.000000000000000000e+00
1.414213562373095368e+00 0.000000000000000000e+00
1.414213562373095368e+00 0.000000000000000000e+00
1.414213562373095368e+00 0.000000000000000000e+00
1.414213562373095368e+00 0.000000000000000000e+00
1.414213562373095368e+00 0.000000000000000000e+00
1.414213562373095368e+00 0.000000000000000000e+00
1.414213562373095368e+00 0.000000000000000000e+00
1.414213562373095368e+00 0.000000000000000000e+00
1.414213562373095368e+00 0.000000000000000000e+00
1.414213562373095368e+00 0.000000000000000000e+00
1.414213562373095368e+00 0.000000000000000000e+00
1.414213562373095368e+00 0.000000000000000000e+00
1.414213562373095812e+00 0.000000000000000000e+00
1.414213562373096700e+00 0.000000000000000000e+00
1.414213562373096700e+00 0.000000000000000000e+00
1.414213562373096700e+00 0.000000000000000000e+00
1.414213562373096700e+00 0.000000000000000000e+00
1.488517766153197641e+00 0.000000000000000000e+00
1.488517766153197641e+00 0.000000000000000000e+00
1.555521774759915932e+00 0.000000000000000000e+00
1.555521774759915932e+00 0.000000000000000000e+00
1.618033988749893126e+00 0.000000000000000000e+00
1.618033988749894458e+00 0.000000000000000000e+00
1.618033988749894458e+00 0.000000000000000000e+00
1.618033988749894458e+00 0.000000000000000000e+00
1.618033988749894458e+00 0.000000000000000000e+00
1.618033988749894458e+00 0.000000000000000000e+00
1.618033988749894458e+00 0.000000000000000000e+00
1.618033988749895347e+00 0.000000000000000000e+00
1.618033988749895347e+00 0.000000000000000000e+00
1.618033988749895347e+00 0.000000000000000000e+00
1.943519346535965475e+00 0.000000000000000000e+00
1.943519346535967252e+00 0.000000000000000000e+00
1.959258902775875999e+00 4.589227137366977578e-03
1.961899751257831781e+00 0.000000000000000000e+00
1.961899751257832225e+00 0.000000000000000000e+00
1.961899751257832225e+00 0.000000000000000000e+00
1.961899751257832225e+00 0.000000000000000000e+00
1.961899751257832225e+00 0.000000000000000000e+00
1.961899751257832225e+00 0.000000000000000000e+00
1.961899751257832225e+00 0.000000000000000000e+00
1.961899751257832225e+00 0.000000000000000000e+00
1.961899751257832225e+00 0.000000000000000000e+00
1.961899751257832225e+00 0.000000000000000000e+00
1.964040707234372185e+00 1.707948015217221403e-04
1.964080191700708244e+00 0.000000000000000000e+00
1.964080191700708244e+00 0.000000000000000000e+00
1.999999999999999112e+00 0.000000000000000000e+00
1.999999999999999556e+00 0.000000000000000000e+00
1.999999999999999556e+00 0.000000000000000000e+00
2.000000000000000888e+00 0.000000000000000000e+00
2.000000000000000888e+00 0.000000000000000000e+00
2.061913455175326426e+00 0.000000000000000000e+00
2.061913455175326426e+00 0.000000000000000000e+00
2.061913455175326426e+00 0.000000000000000000e+00
2.061913455175326426e+00 0.000000000000000000e+00
2.061913455175326426e+00 0.000000000000000000e+00
2.061913455175326426e+00 0.000000000000000000e+00
2.061913455175326426e+00 0.000000000000000000e+00
2.061913455175326426e+00 0.000000000000000000e+00
2.061913455175326870e+00 0.000000000000000000e+00
2.061913455175326870e+00 0.000000000000000000e+00
2.135779205069856523e+00 0.000000000000000000e+00
2.135779205069856523e+00 0.000000000000000000e+00
2.135779205069856523e+00 0.000000000000000000e+00
2.135779205069856523e+00 0.000000000000000000e+00
2.135779205069856523e+00 0.000000000000000000e+00
2.135779205069856523e+00 0.000000000000000000e+00
2.135779205069856523e+00 0.000000000000000000e+00
2.135779205069856523e+00 0.000000000000000000e+00
2.135779205069856523e+00 0.000000000000000000e+00
2.135779205069856967e+00 0.000000000000000000e+00
2.135779205069856967e+00 0.000000000000000000e+00
2.135779205069856967e+00 0.000000000000000000e+00
2.135779205069856967e+00 0.000000000000000000e+00
2.135779205069856967e+00 0.000000000000000000e+00
2.135779205069857412e+00 0.000000000000000000e+00
2.135779205069857856e+00 0.000000000000000000e+00
2.135779205069857856e+00 0.000000000000000000e+00
2.135779205069857856e+00 0.000000000000000000e+00
2.135779205069857856e+00 0.000000000000000000e+00
2.135779205069859188e+00 0.000000000000000000e+00
2.286902749829981651e+00 0.000000000000000000e+00
2.286902749829981651e+00 0.000000000000000000e+00
2.349811396887417914e+00 0.000000000000000000e+00
2.349811396887417914e+00 0.000000000000000000e+00
2.349811396887419246e+00 0.000000000000000000e+00
2.349811396887419246e+00 0.000000000000000000e+00
2.349811396887419246e+00 0.000000000000000000e+00
2.349811396887419246e+00 0.000000000000000000e+00
2.349811396887419246e+00 0.000000000000000000e+00
2.349811396887419246e+00 0.000000000000000000e+00
2.349811396887419246e+00 0.000000000000000000e+00
2.349811396887420578e+00 0.000000000000000000e+00
2.419990763616578278e+00 0.000000000000000000e+00
2.419990763616580054e+00 0.000000000000000000e+00
2.564274364345645374e+00 0.000000000000000000e+00
2.564274364345647150e+00 0.000000000000000000e+00
2.626576700266944897e+00 0.000000000000000000e+00
2.626576700266946673e+00 0.000000000000000000e+00
2.661720461179688524e+00 1.173054789770335837e-01
2.676243198995259309e+00 0.000000000000000000e+00
2.676243198995259309e+00 0.000000000000000000e+00
2.676243198995259309e+00 0.000000000000000000e+00
2.676243198995259309e+00 0.000000000000000000e+00
2.676243198995259309e+00 0.000000000000000000e+00
2.676243198995259309e+00 0.000000000000000000e+00
2.676243198995259309e+00 0.000000000000000000e+00
2.676243198995259309e+00 0.000000000000000000e+00
2.676243198995259309e+00 0.000000000000000000e+00
2.676243198995260641e+00 0.000000000000000000e+00
2.733840233821229759e+00 0.000000000000000000e+00
2.733840233821229759e+00 0.000000000000000000e+00
2.733840233821229759e+00 0.000000000000000000e+00
2.733840233821229759e+00 0.000000000000000000e+00
2.733840233821230203e+00 0.000000000000000000e+00
2.733840233821231092e+00 0.000000000000000000e+00
2.733840233821231092e+00 0.000000000000000000e+00
2.733840233821231092e+00 0.000000000000000000e+00
2.733840233821231092e+00 0.000000000000000000e+00
2.733840233821231092e+00 0.000000000000000000e+00
3.087366486792877396e+00 0.000000000000000000e+00
3.087366486792877396e+00 0.000000000000000000e+00
3.087728703840473710e+00 1.926620662756616713e-03
3.317496872634848160e+00 0.000000000000000000e+00
3.317496872634848160e+00 0.000000000000000000e+00
3.317496872634848160e+00 0.000000000000000000e+00
3.317496872634848160e+00 0.000000000000000000e+00
3.317496872634848160e+00 0.000000000000000000e+00
3.317496872634848160e+00 0.000000000000000000e+00
3.317496872634848160e+00 0.000000000000000000e+00
3.317496872634848160e+00 0.000000000000000000e+00
3.317496872634848160e+00 0.000000000000000000e+00
3.317496872634848604e+00 0.000000000000000000e+00
3.529036976415904192e+00 0.000000000000000000e+00
3.529036976415904192e+00 0.000000000000000000e+00
3.563324053972004357e+00 0.000000000000000000e+00
3.563324053972004357e+00 0.000000000000000000e+00
3.899993491449769145e+00 0.000000000000000000e+00
3.899993491449770922e+00 0.000000000000000000e+00
3.899993491449770922e+00 0.000000000000000000e+00
3.899993491449772698e+00 0.000000000000000000e+00
3.899993491449772698e+00 0.000000000000000000e+00
3.899993491449772698e+00 0.000000000000000000e+00
3.899993491449772698e+00 0.000000000000000000e+00
3.899993491449772698e+00 0.000000000000000000e+00
3.899993491449772698e+00 0.000000000000000000e+00
3.899993491449772698e+00 0.000000000000000000e+00
3.920746018090861540e+00 5.219991563031873422e-02
3.948463195711208407e+00 0.000000000000000000e+00
3.948463195711208407e+00 0.000000000000000000e+00
4.621064444625869960e+00 0.000000000000000000e+00
4.621064444625869960e+00 0.000000000000000000e+00
5.066848541759468638e+00 1.561809300177477954e-02
6.036323169259000920e+00 2.353451460728970927e-03
